0.13266542553901672
0.02547415904700756
-0.028970612213015556
-0.06033879518508911
0.0021852832287549973
0.030169397592544556
0.046752575784921646
-0.019380340352654457
0.08271609246730804
0.042157236486673355
-0.008791082538664341
-0.036363113671541214
-0.005569350440055132
0.03336615487933159
-0.05953960493206978
0.08031852543354034
-0.05474446713924408
-0.08511365950107574
-0.03296655789017677
0.03436513990163803
-0.004445490427315235
0.020778922364115715
-0.05474446713924408
0.08031852543354034
0.11508326232433319
-0.04655277729034424
6.555849686264992E-4
-0.006193717010319233
0.027572032064199448
-0.12627191841602325
0.0359635204076767
0.0431562215089798
0.08071812242269516
-0.07352541387081146
-0.06313595920801163
-0.01163819432258606
-0.03436513990163803
-0.09270596504211426
-0.05834082141518593
-0.08511365950107574
0.029370207339525223
-0.006643261294811964
0.03676270693540573
0.012137687765061855
0.0791197419166565
-0.04275662824511528
0.014884901233017445
-0.04974953457713127
-0.031168382614850998
0.07032866030931473
0.03296655789017677
0.011288548819720745
0.033565953373909
0.017482265830039978
-0.07152744382619858
0.004495440050959587
-0.06793109327554703
-0.009690170176327229
0.11428407579660416
-0.08791082352399826
-0.134263813495636
0.007342551834881306
-0.055144064128398895
0.031168382614850998
-0.03436513990163803
-0.01368611678481102
-0.036163315176963806
0.14545245468616486
0.005844071973115206
-0.00714275473728776
-0.022776896134018898
0.08111771941184998
-0.026573045179247856
0.04395541176199913
-0.04755176603794098
0.01368611678481102
-0.0021852832287549973
0.0431562215089798
0.05114811658859253
0.024175476282835007
0.039759669452905655
0.03296655789017677
0.067131906747818
0.11428407579660416
0.11268569529056549
0.020579125732183456
0.02087882161140442
0.036363113671541214
-0.010289562866091728
-0.0719270408153534
-0.0018481253646314144
0.004695237148553133
-0.09790068864822388
-0.030169397592544556
0.02717243693768978
-0.052746497094631195
-0.003671275917440653
0.05674244090914726
-0.1486492156982422
-0.11188650131225586
0.030169397592544556
0.0056442744098603725
-0.0191805437207222
-0.06433474272489548
0.038560885936021805
-0.031567979604005814
0.056342847645282745
-0.008141741156578064
-0.0215781107544899
-0.08551325649023056
0.03556392341852188
0.0767221748828888
0.014085711911320686
-0.01043941080570221
0.07032866030931473
0.08990880101919174
-0.049150142818689346
-0.10469380021095276
0.14545245468616486
0.07112784683704376
-0.07232663035392761
0.06873027980327606
-0.033965546637773514
0.11987839639186859
-0.007392501458525658
-0.011438396759331226
0.028171423822641373
-0.09710150212049484
0.024175476282835007
0.012986826710402966
0.07712177187204361
-0.03336615487933159
-0.01778196170926094
0.08511365950107574
-0.0647343322634697
-0.030369194224476814
0.038560885936021805
-0.03936007246375084
-0.06313595920801163
-0.051547709852457047
0.044355008751153946
0.0015484292525798082
0.08831042051315308
0.05114811658859253
-0.10229623317718506
-0.008741132915019989
-0.025074565783143044
-0.033565953373909
0.012637181207537651
0.0037711746990680695
0.03096858598291874
-0.02137831412255764
-0.003446504008024931
-0.04755176603794098
0.08511365950107574
-0.06833069026470184
0.011238600127398968
-0.06313595920801163
-0.04255682975053787
0.04735196754336357
0.015983786433935165
0.010289562866091728
0.05834082141518593
0.0743246078491211
-0.014685103669762611
-0.01828145608305931
-0.030568990856409073
-0.02497466653585434
-0.025574058294296265
0.058740414679050446
0.06513392925262451
-0.030169397592544556
0.024375274777412415
0.035164330154657364
-0.08711163699626923
-0.012787029147148132
-0.02427537553012371
-0.025274362415075302
-0.05474446713924408
-0.06393514573574066
-0.014185610227286816
0.018581151962280273
0.1558419167995453
-0.06793109327554703
0.05474446713924408
-0.03456493839621544
0.04415521025657654
-0.005993919912725687
0.00684305839240551
0.05834082141518593
0.052746497094631195
0.06912987679243088
-0.05794122442603111
0.09070798754692078
-0.012787029147148132
-0.010739106684923172
-0.08231650292873383
0.026972640305757523
-0.11028812825679779
-0.02837122045457363
0.0815173089504242
0.03296655789017677
0.05474446713924408
0.0647343322634697
-0.02857101894915104
0.012087738141417503
0.04655277729034424
-0.05474446713924408
0.005968945100903511
-0.028171423822641373
-0.06033879518508911
-0.07312582433223724
-0.019580138847231865
-2.684776554815471E-4
0.0719270408153534
-0.007842045277357101
-0.033765748143196106
0.05474446713924408
-0.02547415904700756
-0.05714203789830208
-0.08311568945646286
0.008191690780222416
-0.009390474297106266
-0.019879834726452827
0.018780948594212532
-0.14305488765239716
0.004944983869791031
0.08591285347938538
0.0647343322634697
-4.589094896800816E-4
0.014785002917051315
0.00684305839240551
0.03316635638475418
0.08351528644561768
0.11828002333641052
-0.12547272443771362
0.003196757286787033
0.0056692492216825485
0.03796149417757988
-0.17422327399253845
-0.06313595920801163
-0.012337485328316689
-0.09470393508672714
-0.0028221372049301863
-0.02117851749062538
0.02327638864517212
-0.08551325649023056
0.04615318402647972
-0.027771828696131706
-0.016383381560444832
0.03576372191309929
-0.018181556835770607
0.08071812242269516
0.049549736082553864
0.0719270408153534
0.03716230392456055
0.011238600127398968
0.033765748143196106
-0.030369194224476814
-0.0767221748828888
-0.005419502500444651
0.0647343322634697
-0.0383610874414444
0.07991893589496613
-0.019280442968010902
0.0050199078395962715
-0.09510353207588196
-0.06673230975866318
-0.015284495428204536
-0.06353554874658585
-0.04395541176199913
0.0031468078959733248
-0.03656291216611862
-0.04715216904878616
-0.010039815679192543
-0.003321630647405982
-0.014485306106507778
-0.012986826710402966
-0.09909947216510773
0.01358621846884489
-0.05194730684161186
-0.045553792268037796
-0.012087738141417503
0.09350515156984329
0.11108731478452682
-0.10549299418926239
-0.05114811658859253
0.06793109327554703
-0.032566964626312256
-0.10868974775075912
0.05314609035849571
-0.023875780403614044
0.0033965546172112226
-0.0863124430179596
0.01778196170926094
0.011488346382975578
0.014485306106507778
-0.008491386659443378
0.07312582433223724
-0.12147677689790726
