-0.0435541495680809
0.0634097158908844
0.044835153967142105
0.061488211154937744
-0.01993563026189804
-0.05604394152760506
-0.007365775294601917
0.027541594579815865
-0.057645197957754135
0.06949448585510254
-0.11529039591550827
0.018414437770843506
0.07589951157569885
-0.046436410397291183
-0.07942227274179459
-1.3448044228425715E-5
-0.01849450170993805
0.0069254301488399506
-0.01929512806236744
-0.07750076800584793
0.03090423159301281
-0.0858272910118103
0.031224481761455536
-0.009447406977415085
0.0422731451690197
0.01729355938732624
0.031064357608556747
0.018254313617944717
-0.030263729393482208
0.14283199608325958
0.04451490193605423
-0.07493875920772552
-0.11593089997768402
-0.022897953167557716
0.06885398924350739
-0.01689324527978897
-0.018174249678850174
0.03939088433980942
0.09223231673240662
0.004723703488707542
0.028182096779346466
-0.005043954588472843
0.01969544216990471
0.04163264483213425
-0.01993563026189804
0.06405021995306015
-0.06244896352291107
0.04963891953229904
-0.028982724994421005
0.07974252104759216
0.09799683839082718
0.04803766310214996
-0.010968600399792194
-0.01569230481982231
-0.0264207161962986
0.09031081199645996
-0.15243951976299286
-0.09863734245300293
0.027541594579815865
-0.02497958578169346
0.021296698600053787
0.035067494958639145
-0.011609102599322796
-0.02177707478404045
-0.04163264483213425
-0.030263729393482208
4.0781975258141756E-4
-0.02177707478404045
0.053802184760570526
0.07301725447177887
-0.16012555360794067
0.020496070384979248
0.04995917156338692
0.02113657258450985
0.018974877893924713
-0.05188068002462387
0.09479432553052902
0.041952893137931824
-0.055403441190719604
0.049318671226501465
0.07782101631164551
-0.03394661843776703
0.04579590633511543
0.028182096779346466
-0.0845462903380394
-0.05668444558978081
0.07942227274179459
-0.10504236072301865
-0.02273782715201378
0.04547565430402756
0.028182096779346466
-0.01809418760240078
-0.13130295276641846
-0.05572368949651718
-0.02113657258450985
-0.00824646558612585
0.019615380093455315
0.008286497555673122
-0.04995917156338692
0.014491362497210503
-0.07173624634742737
-0.0011959377443417907
-0.014651487581431866
0.02786184474825859
0.008086340501904488
0.04611615836620331
0.010087909176945686
-0.10504236072301865
0.03458711877465248
-0.03907063603401184
-0.03634849935770035
-0.010648349300026894
0.026740966364741325
-0.010888537392020226
0.03538774698972702
-0.018414437770843506
-0.020976446568965912
-0.040351636707782745
-0.0435541495680809
0.06949448585510254
-0.09799683839082718
-0.036508627235889435
-0.0672527328133583
0.06917423754930496
0.038910508155822754
0.00976765900850296
0.047717414796352386
0.12041441351175308
-0.025780213996767998
-0.02930297516286373
-0.05828569829463959
0.16332806646823883
0.03971113637089729
0.0264207161962986
-0.07173624634742737
-0.029943477362394333
-0.025139711797237396
0.028182096779346466
-0.07013498991727829
0.055403441190719604
0.054762937128543854
-0.003242542501538992
0.03442699462175369
0.03474724292755127
0.06949448585510254
0.04739716276526451
0.0435541495680809
0.004103217273950577
-0.03554787114262581
0.010568286292254925
0.12297642230987549
-0.016813183203339577
0.16140654683113098
-0.042593397200107574
0.028342222794890404
-0.04995917156338692
-0.05860595032572746
-0.019215065985918045
-0.019855568185448647
0.03634849935770035
-0.05027942359447479
0.05956670641899109
0.07493875920772552
-1.863961515482515E-4
-0.01240972988307476
-0.0845462903380394
0.02273782715201378
0.05732494592666626
0.01136891357600689
0.010087909176945686
-0.054762937128543854
-0.04387440159916878
0.06180846318602562
0.03843013197183609
0.08967030793428421
-0.08646779507398605
0.05636419355869293
-0.04579590633511543
-0.025780213996767998
-0.12041441351175308
0.011609102599322796
0.055403441190719604
0.08646779507398605
-0.04515540599822998
0.08006277680397034
-0.042593397200107574
6.905414629727602E-4
0.040351636707782745
0.017773935571312904
-0.008206434547901154
0.01625274308025837
0.026580840349197388
-0.07814127206802368
-0.006084770895540714
-0.03746937960386276
0.06084770709276199
-0.006525116041302681
-0.14091047644615173
-0.09607532620429993
-0.03362636640667915
-0.014171111397445202
0.016412869095802307
-0.03746937960386276
0.0832652896642685
-0.0329858623445034
-0.11977390944957733
-0.02626059018075466
-0.14987751841545105
0.015291989780962467
0.022097326815128326
-0.12169541418552399
-0.06789323687553406
0.005404237192124128
0.05796544998884201
0.004863813519477844
-0.029623227193951607
-0.07205649465322495
0.10055884718894958
0.02866247296333313
-0.03266561031341553
-0.002151687163859606
0.004203295800834894
-0.013050232082605362
-0.007686026394367218
-0.02257770299911499
0.04899841919541359
-0.09735633432865143
0.06276921927928925
-0.02497958578169346
-0.019855568185448647
0.031224481761455536
0.01953531801700592
-0.017533747479319572
-0.035067494958639145
0.05860595032572746
0.010888537392020226
-0.06917423754930496
0.022897953167557716
0.08646779507398605
-0.05796544998884201
0.023218205198645592
-0.07205649465322495
-0.08262478560209274
-0.06501097232103348
-0.0057645197957754135
0.03378649055957794
-0.1345054656267166
-0.028982724994421005
0.010728411376476288
-0.07365775108337402
-0.05796544998884201
-0.07429825514554977
0.07429825514554977
-0.010007847100496292
0.015612240880727768
0.07013498991727829
0.0541224367916584
-0.06949448585510254
-0.0871082991361618
0.09671583026647568
0.02033594436943531
0.04163264483213425
0.1255384385585785
-0.03442699462175369
0.0659717246890068
0.032825738191604614
-0.07365775108337402
-0.05956670641899109
0.05636419355869293
0.06116795912384987
-0.0858272910118103
0.03666875138878822
0.020496070384979248
-0.005023939069360495
-0.034266866743564606
-0.01889481395483017
-0.01004787813872099
-0.031064357608556747
0.08262478560209274
0.0435541495680809
0.007125587202608585
0.014411299489438534
0.09543482959270477
-0.06020720675587654
0.02337833121418953
0.07493875920772552
-0.07173624634742737
0.08198428153991699
-0.04419465363025665
0.09543482959270477
0.015772366896271706
0.04547565430402756
0.07301725447177887
0.015372052788734436
0.00416326429694891
0.011048663407564163
-0.0672527328133583
0.08166403323411942
0.04963891953229904
-0.012569855898618698
