0.06424714624881744
0.07029732316732407
0.018438642844557762
0.03039495088160038
-0.003835381707176566
-0.049553852528333664
0.0319795198738575
0.12791807949543
-0.049265749752521515
0.029242536053061485
-0.057620760053396225
0.027946067973971367
0.0078508285805583
-0.08585493266582489
0.05502782389521599
-0.02736986055970192
0.03802970051765442
-0.018582694232463837
-0.020599421113729477
-0.01598975993692875
0.038894012570381165
-0.0847025141119957
-0.06712818145751953
-0.0527229942381382
0.013901008293032646
-0.026217445731163025
-0.04580850154161453
-0.057908862829208374
0.10314115881919861
-0.06539956480264664
-0.09104079753160477
-0.03010684624314308
-0.06597577035427094
-0.002772998996078968
-0.14289948344230652
-0.012316437438130379
-0.0027910054195672274
-0.06539956480264664
0.012100359424948692
-0.04436798393726349
-0.05733265355229378
-0.024632874876260757
-0.06684008240699768
-0.0717378482222557
-0.032267626374959946
-0.033564090728759766
-0.031115209683775902
-0.053587306290864944
-0.008607100695371628
0.05013006180524826
-0.02909848280251026
0.04580850154161453
-0.06770439445972443
0.062230419367551804
0.023624511435627937
-0.06309472769498825
-0.10832702368497849
-0.0829738900065422
-0.011812255717813969
-0.1250370442867279
0.022904250770807266
-0.036877285689115524
-0.051282476633787155
-0.03802970051765442
0.09507425129413605
-0.007094556000083685
-0.08182147890329361
0.01735825277864933
0.06568766385316849
-0.08758355677127838
0.005473972298204899
0.07951664924621582
0.018222564831376076
-0.06741628795862198
-0.03385219722986221
-0.06655197590589523
-0.014765319414436817
-0.05473972111940384
0.017790408805012703
-0.02333640679717064
-0.07605940103530884
0.06251852214336395
0.016133813187479973
-0.07548319548368454
-0.11985117942094803
0.0017196194967254996
-0.002151775173842907
0.036877285689115524
0.04868954047560692
0.017790408805012703
-0.08700734376907349
-0.15788087248802185
0.038894012570381165
-0.05646834522485733
0.013901008293032646
-0.1486615538597107
-0.01454924140125513
0.01354087796062231
0.02002321369946003
0.04638471081852913
0.053587306290864944
-0.04350367188453674
0.06309472769498825
-0.021463733166456223
0.07490698993206024
-0.018438642844557762
0.09392184019088745
-0.12330842763185501
-0.05934938043355942
-0.038605909794569016
-0.04984195530414581
0.01505342312157154
0.09276942163705826
0.0062662577256560326
0.10947944223880768
-0.04667281359434128
-0.031115209683775902
0.021319679915905
0.06655197590589523
-0.0841263085603714
0.0013955027097836137
-6.842465372756124E-4
-0.0829738900065422
0.01116402167826891
-0.007058543153107166
-0.002241807756945491
-0.05041816458106041
-0.05473972111940384
0.14001844823360443
0.0734664648771286
0.02535313367843628
-0.03947021812200546
-0.008102918975055218
-0.07317836582660675
0.001638590358197689
0.008138932287693024
8.057903032749891E-4
-0.01872674748301506
-0.15442363917827606
0.11754634976387024
-0.019302954897284508
-0.007490698713809252
0.04350367188453674
0.036877285689115524
0.038605909794569016
0.014477215707302094
-0.03802970051765442
-0.01454924140125513
0.07605940103530884
-0.06539956480264664
0.03601297363638878
0.07433077692985535
0.1042935699224472
-0.017574330791831017
-0.05473972111940384
-0.07548319548368454
-0.015845708549022675
-0.10890323668718338
-0.041198842227458954
-0.013973033986985683
-0.01634989120066166
0.016565967351198196
5.897124647162855E-4
-0.08700734376907349
-0.06136610731482506
0.015269501134753227
0.025641238316893578
-0.014837345108389854
-0.05301109701395035
0.07433077692985535
-0.03442840278148651
0.10026012361049652
0.05301109701395035
-0.10947944223880768
-0.1682526171207428
0.11120806634426117
0.0263614971190691
-0.032843831926584244
0.09910770505666733
0.015917735174298286
-0.034284353256225586
-0.028954431414604187
-0.05416351184248924
-0.059637486934661865
-0.02809011936187744
-0.06539956480264664
0.06251852214336395
0.06712818145751953
-0.05301109701395035
0.0013324799947440624
-0.021895889192819595
0.04667281359434128
-0.01707015000283718
-0.05733265355229378
-0.10890323668718338
-0.015341526828706264
0.023912614211440086
-0.008102918975055218
0.010083632543683052
0.024200718849897385
-0.03716538846492767
0.013973033986985683
0.043215569108724594
-0.07894043624401093
0.03644512966275215
-0.02232804335653782
0.08931217342615128
0.0841263085603714
-0.024200718849897385
0.05675644800066948
0.062230419367551804
0.01354087796062231
0.05473972111940384
0.0847025141119957
0.0319795198738575
0.023192355409264565
-0.05618023872375488
0.007562724407762289
0.004753712564706802
0.07894043624401093
0.017430279403924942
0.0021337687503546476
-0.03947021812200546
-0.045232295989990234
-0.06309472769498825
-0.03586892411112785
-0.08182147890329361
0.04436798393726349
-0.01764635741710663
0.011740230023860931
0.06511145830154419
0.05906127765774727
-0.1042935699224472
-0.025785289704799652
0.040622636675834656
0.07663560658693314
0.05646834522485733
-0.01166820339858532
0.03975832462310791
0.047249022871255875
0.012100359424948692
0.04004642739892006
-0.038894012570381165
-0.06251852214336395
-0.06597577035427094
0.014405190013349056
0.06597577035427094
0.023192355409264565
0.062230419367551804
0.06741628795862198
-0.038894012570381165
-0.014477215707302094
0.053875409066677094
-0.10198874026536942
-7.652756758034229E-4
-0.0420631542801857
-0.0077788024209439754
0.011452125385403633
-0.07721181958913803
-0.07202594727277756
-0.005582010839134455
-0.09622666984796524
-0.006734426133334637
0.009003243409097195
0.06943301111459732
0.06107800453901291
-0.042927466332912445
-0.0024848952889442444
0.05934938043355942
0.08700734376907349
-0.029242536053061485
0.024632874876260757
-0.019879162311553955
-0.09565045684576035
0.07605940103530884
-0.03947021812200546
0.047537125647068024
0.007922854274511337
-0.06136610731482506
-0.10026012361049652
-0.010947944596409798
0.010875917971134186
0.013468852266669273
0.07548319548368454
0.00853507500141859
-0.05675644800066948
-0.038894012570381165
-0.021175628527998924
0.05473972111940384
0.01671002060174942
-0.021607784554362297
0.008318996988236904
-0.027513911947607994
0.07894043624401093
0.13828982412815094
-0.0034752520732581615
0.09161700308322906
0.004411589354276657
0.05013006180524826
-0.019591057673096657
