-0.026973247528076172
0.049990419298410416
0.040100228041410446
0.030569681897759438
-0.04711327329277992
-0.08379688858985901
0.0557447113096714
-0.01681332476437092
-0.02409610152244568
0.01267742644995451
-0.051788635551929474
-0.008676394820213318
0.09063011407852173
-0.09998083859682083
-0.06905151903629303
-0.04369666054844856
-0.023916279897093773
0.012947158887982368
0.005237305536866188
-0.047472916543483734
0.08307760208845139
-0.12012086808681488
0.007417643442749977
-0.0062038470059633255
0.029310930520296097
0.056104354560375214
-0.015194930136203766
0.018251897767186165
-0.024635566398501396
0.14098018407821655
-0.019061096012592316
-0.061139363795518875
-0.15536591410636902
-0.04333701729774475
0.07336723804473877
-0.018971184268593788
-0.02274743840098381
0.05970079079270363
0.12803301215171814
0.07768295705318451
0.05502542480826378
0.01092416513711214
-2.837810607161373E-4
0.015284840948879719
0.03938094154000282
0.05970079079270363
-0.05934114754199982
0.08595474809408188
-0.05358685180544853
0.022118063643574715
0.03362664952874184
0.04855184629559517
-0.034525759518146515
0.04423612728714943
0.0023713980335742235
0.10429655760526657
-0.1395416110754013
-0.047832559794187546
0.123717300593853
-0.0712093785405159
0.00559694878757
0.04153880104422569
-0.02571449615061283
-0.019061096012592316
-0.05682364106178284
-0.013486623764038086
-0.01267742644995451
-0.056104354560375214
0.056104354560375214
0.045674700289964676
-0.13378730416297913
-0.008676394820213318
0.023017171770334244
0.013666445389389992
0.045674700289964676
-0.0834372490644455
0.053946495056152344
0.03308718279004097
-0.04045987129211426
0.07588473707437515
0.03776254877448082
-0.06905151903629303
0.005507037974894047
0.004697840660810471
-0.08127938956022263
-0.07156901806592941
-0.009485592134296894
-0.029310930520296097
0.009755324572324753
0.007372688036412001
0.02751271240413189
-0.0046304077841341496
-0.09710369259119034
-0.027692534029483795
-0.035424865782260895
-0.027153069153428078
0.010070012882351875
-0.03848183527588844
0.047832559794187546
0.04423612728714943
-0.0899108275771141
-0.03434593603014946
-0.03848183527588844
0.026973247528076172
0.013846267014741898
0.04117915779352188
-0.004428108222782612
-0.08703368157148361
0.02445574477314949
0.02409610152244568
-0.030389860272407532
-0.027332890778779984
-0.03380646929144859
-0.015734395012259483
0.02022993564605713
0.03776254877448082
-0.0096654137596488
-0.013216891326010227
0.00899108313024044
0.0525079220533371
-0.04171862453222275
-0.039201121777296066
-0.07336723804473877
0.07912153005599976
-0.05682364106178284
0.018971184268593788
-0.02661360427737236
0.021129043772816658
-0.12587516009807587
-0.029490752145648003
-0.05070970579981804
0.11796300858259201
0.012497604824602604
0.04387648403644562
-0.08127938956022263
-0.002652369439601898
-0.04261773079633713
0.027153069153428078
-0.015554573386907578
0.010070012882351875
0.10933156311511993
-0.04459577053785324
0.02238779515028
0.0712093785405159
0.03596433252096176
0.06545507907867432
0.07049009203910828
0.047832559794187546
-0.0325477197766304
-0.03146879002451897
0.10357727110385895
-0.1050158441066742
0.08595474809408188
-0.0325477197766304
-0.004473063629120588
-0.08271796256303787
-0.12155944108963013
-0.030389860272407532
0.05790257453918457
0.026074139401316643
-0.07516545057296753
0.009935146197676659
0.006743311882019043
0.00420333119109273
0.01029478944838047
-0.1021386981010437
0.029310930520296097
0.03344682604074478
-0.017712432891130447
0.047472916543483734
-0.05754292756319046
0.07696367055177689
0.05790257453918457
-0.011868229135870934
0.0899108275771141
-0.1114894226193428
0.025894317775964737
-0.0386616550385952
-0.020499669015407562
-0.14961162209510803
-0.014745376072824001
-0.035784509032964706
0.04171862453222275
-0.049630776047706604
0.09350726008415222
-0.04459577053785324
0.09027046710252762
0.06293758004903793
0.018611541017889977
0.014835286885499954
-0.0033941336441785097
-0.04261773079633713
-0.0712093785405159
0.009800280444324017
-0.04819220304489136
0.09098975360393524
-0.04243791103363037
-0.21290883421897888
-0.05934114754199982
-0.08775296807289124
0.0013542817905545235
-0.03290736302733421
0.0193308275192976
0.018611541017889977
-0.11580514907836914
0.006473579443991184
-0.030749503523111343
-0.18197950720787048
-0.06221829354763031
0.061139363795518875
-0.0927879735827446
-0.015734395012259483
-0.0046304077841341496
0.11508585512638092
-0.005529515910893679
-0.02571449615061283
-0.03164860978722572
0.06869187206029892
0.011103986762464046
0.023376815021038055
-0.015105019323527813
0.03938094154000282
-0.058981504291296005
0.029850395396351814
0.016543591395020485
-0.05826221778988838
-0.03128896653652191
0.023017171770334244
0.049630776047706604
-0.03290736302733421
-0.03308718279004097
0.02571449615061283
0.08955118060112
-0.04927113279700279
0.03506522253155708
0.03290736302733421
-0.12012086808681488
0.03632397577166557
0.016004126518964767
-0.0650954395532608
0.011508585885167122
-0.03722308203577995
-0.04675363004207611
-0.0016296337125822902
0.03830201178789139
-0.012947158887982368
-0.09926155209541321
-0.014115999452769756
0.04927113279700279
-0.09854226559400558
0.005012528505176306
-0.03686343878507614
0.06401650607585907
-0.0066983564756810665
-0.01762252300977707
0.080560103058815
0.05790257453918457
-0.0647357925772667
-0.03560468927025795
0.06761293858289719
0.0096654137596488
-0.03128896653652191
0.13234873116016388
-0.02571449615061283
0.08091974258422852
0.03146879002451897
-0.10933156311511993
-0.06941115856170654
0.06725329905748367
0.06833222508430481
-0.11652443557977676
0.03956076502799988
0.0081369299441576
-0.03470557928085327
-0.002337681595236063
0.02184833027422428
-0.03290736302733421
-0.041358981281518936
0.010114967823028564
-0.015734395012259483
0.02058957889676094
0.020949222147464752
0.07984081655740738
-0.019870292395353317
-0.014565554447472095
0.014475643634796143
-0.03434593603014946
0.0647357925772667
0.0042932420037686825
0.06977080553770065
0.051788635551929474
0.03218807652592659
0.056104354560375214
0.029310930520296097
0.002337681595236063
-0.01393617782741785
-0.06761293858289719
0.05070970579981804
0.034525759518146515
-0.029310930520296097
