0.029346512630581856
0.06916259229183197
-0.016100924462080002
0.03378814831376076
-0.01578366570174694
-0.06535547971725464
-0.042195528745651245
-0.007931490428745747
0.026491176337003708
0.028236104175448418
-0.05107879638671875
0.045050863176584244
-0.038388412445783615
0.07201793044805527
-2.9867017292417586E-4
0.0018936432898044586
-0.025539398193359375
0.05234783515334129
0.05805850774049759
0.034581296145915985
-0.0729697123169899
0.01300764363259077
0.005710673052817583
0.03965745121240616
0.08312201499938965
-0.02776021510362625
-0.11294441670179367
-0.08819817006587982
0.17766538262367249
-0.010469567030668259
-0.07994942367076874
-0.05425139144062996
-0.1427668184041977
-0.0964469164609909
0.016100924462080002
-0.012293810024857521
0.09010172635316849
-0.03585033491253853
-0.045685384422540665
0.06313466280698776
0.031091440469026566
-0.05076153576374054
0.002171245403587818
0.03569170460104942
-0.045050863176584244
0.11802057176828384
0.05583769083023071
-0.026173917576670647
-0.056472208350896835
0.0612311027944088
0.028394734486937523
-0.020621873438358307
-0.10850278288125992
-0.041561007499694824
-0.045368123799562454
-0.04283004626631737
0.009121214039623737
-0.05425139144062996
-0.05774124711751938
-0.09517788141965866
0.08439105749130249
0.06535547971725464
-0.08819817006587982
0.010390251874923706
-0.03854704275727272
0.0233185812830925
-0.04980975762009621
0.005988275166600943
-0.010707511566579342
-0.08121845871210098
0.03553307428956032
0.04473360255360603
0.1402287483215332
0.04631990194320679
0.04600264132022858
-0.009240185841917992
0.03743663430213928
0.0818529799580574
0.034898556768894196
0.04822345823049545
-0.0024488475173711777
-0.04473360255360603
0.08819817006587982
0.022525431588292122
-0.012769699096679688
0.03648485615849495
-0.08692913502454758
4.164032288827002E-4
0.01300764363259077
-0.04980975762009621
-0.031725961714982986
-0.007098683621734381
-0.11040633916854858
-0.060279324650764465
0.08312201499938965
-0.024428989738225937
0.04346456751227379
0.022366801276803017
-0.05361687391996384
-0.001596212387084961
-0.03125007078051567
-0.15291912853717804
0.046637162566185
-0.01602160930633545
-0.007971148006618023
0.022366801276803017
-0.030298292636871338
-0.0875636488199234
-0.05964480713009834
-0.10596470534801483
-0.010231622494757175
-0.02712569572031498
-0.0039855740033090115
0.08248749375343323
-0.0555204302072525
-0.008526352234184742
0.045050863176584244
-0.032519109547138214
-0.01475257147103548
0.05171331390738487
-0.0034303695429116488
-0.01300764363259077
0.02982240356504917
-0.011897235177457333
-0.04631990194320679
-0.022525431588292122
-0.05393413454294205
0.05774124711751938
-0.0016160410596057773
0.042195528745651245
-0.031408701092004776
-0.0291878841817379
0.05076153576374054
-0.008129777386784554
-0.041878268122673035
-0.04695442318916321
-0.05774124711751938
-0.010310936719179153
0.004600264132022858
-0.038388412445783615
-0.019035575911402702
-0.018559686839580536
-0.05425139144062996
-0.018321741372346878
0.025222139433026314
0.0026173917576670647
-0.08692913502454758
0.027284326031804085
-0.026332547888159752
-0.042195528745651245
0.09200528264045715
-0.13642163574695587
0.0583757683634758
-0.07233519107103348
-0.0583757683634758
0.012293810024857521
0.02220817282795906
0.02220817282795906
-0.007455600891262293
0.06630725413560867
-0.018163112923502922
-0.10659922659397125
0.13198000192642212
0.10659922659397125
0.029981032013893127
-0.12436576187610626
0.009279843419790268
0.010548882186412811
0.07106614857912064
0.007138341199606657
-0.02506350912153721
0.01459394209086895
0.026491176337003708
-0.05361687391996384
-0.012452439405024052
-0.06281740218400955
-0.008288406766951084
-0.05107879638671875
-0.09327432513237
-0.02506350912153721
-0.0612311027944088
0.08248749375343323
-0.023159950971603394
0.05520316958427429
-0.005393413361161947
-0.020304614678025246
0.022842692211270332
-0.03569170460104942
-0.008684981614351273
0.06630725413560867
0.038705673068761826
0.05107879638671875
0.14086326956748962
0.07423874735832214
-0.04854071885347366
0.11357893794775009
-0.02776021510362625
-0.0640864372253418
0.025856656953692436
0.019114891067147255
-0.036326225847005844
0.05774124711751938
0.020780503749847412
-0.04441634565591812
-0.03997471183538437
-0.04822345823049545
0.04854071885347366
0.004283004440367222
-0.031725961714982986
-0.019432151690125465
-0.09137076884508133
0.022366801276803017
-0.011262715794146061
0.03331225737929344
0.008486694656312466
-0.026173917576670647
-0.09708143770694733
0.08502557128667831
0.03648485615849495
-0.009121214039623737
-0.011976550333201885
0.11167538166046143
0.032519109547138214
-0.0555204302072525
0.05203057453036308
-0.018559686839580536
0.06852807104587555
0.12500028312206268
0.0758250430226326
0.03743663430213928
-0.06503821909427643
0.060913845896720886
0.0015466405311599374
-0.14213229715824127
0.05805850774049759
-0.06250014156103134
-0.028553364798426628
-0.03378814831376076
-0.01062819641083479
-0.04346456751227379
0.04346456751227379
-0.05805850774049759
3.5691706580109894E-4
-0.1021575927734375
-0.018876945599913597
-0.04600264132022858
0.045368123799562454
0.11230990290641785
-0.01689407415688038
-0.005393413361161947
-0.024428989738225937
0.0017449278384447098
-0.05203057453036308
-0.046637162566185
0.024587620049715042
0.010786826722323895
0.04790620133280754
0.013483533635735512
0.01475257147103548
-0.040133338421583176
0.09454336017370224
0.06376918405294418
0.07328696548938751
-0.022049542516469955
-0.045368123799562454
-0.014435311779379845
-0.041878268122673035
-0.002349704038351774
-0.014355997554957867
-0.08439105749130249
-0.04758894070982933
0.07645956426858902
0.012452439405024052
-0.02680843695998192
0.08248749375343323
0.025222139433026314
0.19416287541389465
-0.005195125937461853
-0.02014598436653614
-0.1021575927734375
-0.07233519107103348
-0.0029346514493227005
0.02776021510362625
0.006821081507951021
-0.11738605052232742
-0.09390884637832642
-0.1078682690858841
-0.07709408551454544
0.026332547888159752
-0.017369963228702545
-0.05520316958427429
-0.10913730412721634
-0.0640864372253418
-0.08248749375343323
0.018004482612013817
-0.07201793044805527
0.03267773985862732
-0.015228461474180222
0.013324903324246407
0.030774181708693504
