-0.03270985931158066
0.12227984517812729
0.062057022005319595
-0.067559614777565
-0.01971762627363205
-0.028124365955591202
0.011693010106682777
-0.011387310922145844
0.05319173261523247
-0.01574353128671646
-0.07397931069135666
-0.013527208007872105
-0.06450261920690536
-0.06450261920690536
-0.08376169949769974
0.01971762627363205
0.005426168441772461
0.00806282740086317
-0.012457259930670261
0.05349743366241455
0.08926428854465485
-0.1406218260526657
-0.01069948635995388
-0.02384456992149353
0.019411925226449966
0.03133421018719673
0.06052852421998978
-0.0770363062620163
0.012075135484337807
0.13511922955513
0.037448205053806305
-0.04432644322514534
-0.0025984467938542366
-0.05410883203148842
0.04952333867549896
-0.015208556316792965
0.004165157210081816
0.032557010650634766
0.10210367292165756
-0.06603112071752548
0.038212452083826065
-0.008253890089690685
0.041575148701667786
-0.006419692188501358
0.03133421018719673
-0.05105183646082878
0.0011511500924825668
-0.0037066079676151276
0.039129551500082016
0.01933550089597702
-0.016813479363918304
-0.023538870736956596
-0.03469690680503845
0.06419692188501358
-0.048911940306425095
0.014291456900537014
-0.1687461882829666
-0.12655964493751526
0.06786531955003738
-0.06022282689809799
0.005693655461072922
0.11494305729866028
-0.03637825325131416
0.01574353128671646
0.039740949869155884
-0.0544145330786705
-0.06694822013378143
-0.02965286374092102
0.06786531955003738
0.13817623257637024
-0.09109848737716675
0.04860623925924301
0.030722811818122864
-0.0693938136100769
-0.0055408054031431675
0.05838862806558609
0.028124365955591202
0.01559068076312542
0.047994840890169144
-0.03270985931158066
0.012533684261143208
0.03546115756034851
0.004604600369930267
0.004375325981527567
-0.13389644026756287
-0.0159728042781353
0.011922284960746765
0.039740949869155884
-0.03209846094250679
-0.09598968178033829
0.026595866307616234
-0.07367360591888428
-0.16018660366535187
0.018647676333785057
-0.041575148701667786
0.057165827602148056
0.06022282689809799
0.049829039722681046
-0.028582913801074028
0.06664251536130905
-0.0507461354136467
-0.1296166330575943
0.01933550089597702
0.010623062029480934
4.442197678145021E-4
0.09476688504219055
-0.004298900719732046
-0.05655442923307419
0.029194314032793045
0.040658049285411835
0.0033626959193497896
-0.04096375033259392
-0.005731868091970682
-0.02124612405896187
0.05013473704457283
0.04249224811792374
0.017959853634238243
-0.028582913801074028
0.020176174119114876
0.03637825325131416
-0.03316840901970863
0.04921763762831688
-0.10271507501602173
0.04585494473576546
0.034085508435964584
-0.03530830517411232
-0.062057022005319595
0.10271507501602173
-9.839707054197788E-4
0.029958562925457954
-0.004050519783049822
0.12533684074878693
0.03347411006689072
0.12900523841381073
-0.09293268620967865
6.776739610359073E-5
-0.022621771320700645
-0.005846505053341389
-0.04218654707074165
-0.040658049285411835
-0.0059229303151369095
0.01238083466887474
0.011463736183941364
0.07550780475139618
0.03362695872783661
0.06450261920690536
-0.007183941081166267
-0.1106632649898529
-0.05777722969651222
0.05991712585091591
0.07764770090579987
-0.09232128411531448
0.0544145330786705
-0.01398575771600008
-0.047994840890169144
-0.038976702839136124
-0.05930572748184204
-0.0693938136100769
0.017042754217982292
-0.018494827672839165
-0.11188606172800064
-0.015055706724524498
0.04707774147391319
0.13022804260253906
-0.019870474934577942
-0.13267363607883453
-0.007451428100466728
0.07306221127510071
0.007527853362262249
-0.011693010106682777
0.04463214427232742
-0.026595866307616234
0.008139252662658691
-0.017730578780174255
0.09721247851848602
-0.04463214427232742
0.01559068076312542
0.06419692188501358
0.0544145330786705
-0.07061661034822464
0.012686533853411674
0.06511402130126953
0.05533163249492645
-0.04616064205765724
0.0544145330786705
-0.08865288645029068
-6.543882773257792E-4
0.021704673767089844
-0.01154016051441431
-0.04860623925924301
0.047994840890169144
-0.011081610806286335
0.022010372951626778
-0.05105183646082878
-0.1332850307226181
0.04463214427232742
-0.051357537508010864
-0.11861145496368408
-0.10577207058668137
-0.031639911234378815
-0.05991712585091591
-0.05013473704457283
-0.02063472382724285
0.07092231512069702
-0.07214511185884476
-0.05410883203148842
-0.020329024642705917
-0.06847671419382095
-0.06511402130126953
-0.002273640828207135
-0.03851815313100815
0.012151559814810753
-0.04860623925924301
0.06266842037439346
-0.0015476043336093426
-0.09415548294782639
-0.07489641010761261
-0.004891193937510252
0.0394352525472641
-0.03148706257343292
-0.02231607213616371
0.06786531955003738
-0.030111413449048996
-4.7526738489978015E-4
0.024303119629621506
0.00863601453602314
-0.047383442521095276
0.06419692188501358
0.05013473704457283
0.030722811818122864
0.02537306770682335
0.01024093758314848
-0.0337798073887825
-0.09354408085346222
-0.06603112071752548
0.029805712401866913
-0.067559614777565
0.07153370976448059
-0.006840028800070286
0.07183941453695297
-0.015896379947662354
-0.08804149180650711
-0.0032862708903849125
-0.01673705503344536
0.02292747236788273
-0.029958562925457954
-0.06817101687192917
0.06908811628818512
0.11738865077495575
-0.11677725613117218
-0.05655442923307419
-0.0657254159450531
-0.017042754217982292
0.026901567354798317
-0.00836852751672268
0.04707774147391319
-0.038212452083826065
-0.01322150882333517
-0.10393787175416946
0.10026947408914566
0.039129551500082016
0.007680702954530716
0.09109848737716675
-0.08376169949769974
0.047383442521095276
0.001452073222026229
-0.0010221831034868956
-0.0014616262633353472
0.0770363062620163
-0.029194314032793045
-0.06786531955003738
-0.05808292701840401
0.017577728256583214
0.11677725613117218
-0.018647676333785057
-0.010928761214017868
-0.03316840901970863
-0.04707774147391319
0.006840028800070286
0.08009330183267593
0.09170988947153091
0.05166323482990265
0.030722811818122864
-0.04249224811792374
0.014979281462728977
0.015667105093598366
-0.09354408085346222
0.07183941453695297
-0.05013473704457283
0.05747152864933014
-0.03714250400662422
0.04921763762831688
0.05808292701840401
0.04096375033259392
0.039129551500082016
-0.015132131054997444
-0.059611424803733826
-0.012075135484337807
0.06786531955003738
0.06144562363624573
