-0.12826961278915405
0.07684875279664993
-0.022037509828805923
0.055658839643001556
0.05424617975950241
-0.009041029959917068
0.01751699484884739
0.05085579305887222
0.06413480639457703
-0.029948411509394646
-0.04040210321545601
0.04548768326640129
-0.022320043295621872
-0.03234993666410446
0.04831300303339958
-0.0023662070743739605
0.15143725275993347
-0.02571042813360691
-0.03037220984697342
0.03008967824280262
0.05255098640918732
0.050008196383714676
-0.0576365664601326
-0.07628369331359863
-0.01645749993622303
-0.025569163262844086
0.053116049617528915
-0.03376259654760361
0.1401359587907791
-0.049725666642189026
-0.035599056631326675
-0.02825321815907955
-0.03644665330648422
0.0033550697844475508
0.09267055988311768
0.04407501965761185
-0.03574032336473465
0.07571862637996674
-0.009394194930791855
-0.008899764157831669
-0.020907381549477577
0.02571042813360691
-0.022178776562213898
0.08023913949728012
-0.10227665305137634
-0.009323562495410442
-0.06017935648560524
-0.07910901308059692
-0.08871510624885559
-0.03362132981419563
-0.029665879905223846
-0.1130128726363182
-0.015398004092276096
-0.001492123119533062
-0.012643314898014069
0.004485198296606541
0.03701171651482582
-0.055941373109817505
-0.05989682301878929
-0.019635986536741257
0.01363217830657959
-0.06272214651107788
0.0360228531062603
-0.114143006503582
-0.05085579305887222
-0.03955450654029846
-0.011160021647810936
-0.006604189984500408
0.016881298273801804
0.1147080659866333
-0.10397184640169144
-0.18421098589897156
0.019353454932570457
-0.001748167909681797
-0.005544694140553474
0.008264066651463509
0.13618052005767822
-0.015751169994473457
0.03348006308078766
0.14804686605930328
-0.0013596861390396953
-0.11075261980295181
-0.011230654083192348
0.0218962449580431
0.06667759269475937
-0.020201051607728004
-0.03983704000711441
0.012502049095928669
0.046900343149900436
-6.489410880021751E-4
0.050573259592056274
-0.03220866993069649
-0.06554746627807617
-0.0864548459649086
-0.018082059919834137
0.0432274229824543
-0.05396364629268646
-0.05226845294237137
0.012007618322968483
-0.044922616332769394
0.010594956576824188
0.020766114816069603
0.08249939978122711
-0.03319753333926201
0.04350995644927025
-0.03517525643110275
-0.10284171253442764
0.016316233202815056
0.04237982630729675
-0.0013508569682016969
0.10566703975200653
0.018082059919834137
-0.007522419560700655
-0.007734318729490042
0.06385227292776108
-0.07741381973028183
-0.08306445926427841
-0.055658839643001556
0.07176317274570465
-0.0853247195482254
-0.05424617975950241
0.047465406358242035
-0.07967408001422882
0.04294489324092865
0.04407501965761185
0.003973108716309071
-0.024862833321094513
-0.04831300303339958
0.002216111868619919
0.028111953288316727
-0.047465406358242035
-0.006568873301148415
0.004202666226774454
-0.0714806467294693
-0.1429612934589386
0.023026373237371445
-0.0348927266895771
-0.10114651918411255
0.12996479868888855
-0.002436840208247304
0.006674822885543108
0.10058145970106125
0.018364591524004936
-0.038424376398324966
-0.010806855745613575
0.09888626635074615
0.02387396991252899
0.016669398173689842
-0.008193433284759521
0.019070923328399658
0.02825321815907955
-3.355069784447551E-4
-0.004290957469493151
-0.002419181866571307
-0.002216111868619919
-0.1147080659866333
-0.021189913153648376
-0.0881500393152237
-0.12883467972278595
-0.021754978224635124
-0.04887806996703148
0.04040210321545601
-0.05961428955197334
0.07571862637996674
-0.02316763997077942
-0.046900343149900436
-0.010453690774738789
-0.050290729850530624
-0.002631081035360694
-0.0426623597741127
0.059049226343631744
-9.04985936358571E-4
-0.047182876616716385
0.04520514979958534
-0.0565064363181591
-0.11922857910394669
0.06413480639457703
-0.01377344410866499
-0.03418639302253723
0.02825321815907955
0.05791909992694855
-0.04831300303339958
-0.061592016369104385
-0.03672918304800987
-0.03729424998164177
0.05198592320084572
-0.07571862637996674
-2.2403919138014317E-4
0.03757677972316742
0.061874549835920334
-0.014832939952611923
-0.03729424998164177
-0.06526493281126022
-0.114143006503582
0.033338796347379684
-0.06272214651107788
0.10114651918411255
-0.07063304632902145
-0.04407501965761185
-0.03517525643110275
0.04577021300792694
0.05368111655116081
-0.012502049095928669
-0.007027988322079182
-0.10001639276742935
0.09662600606679916
0.026699291542172432
-0.013490911573171616
0.018364591524004936
0.07797888666391373
0.07063304632902145
-0.025286629796028137
0.026840558275580406
0.008440649136900902
-0.12431415915489197
0.012290149927139282
-0.016104334965348244
0.0881500393152237
0.028959549963474274
0.02104864828288555
-0.0012007617624476552
0.05933175981044769
-0.13844077289104462
-0.006780772469937801
-7.46061559766531E-4
-0.0042556412518024445
-0.03220866993069649
0.020907381549477577
0.023591438308358192
0.008511282503604889
-0.07741381973028183
-0.0437924899160862
-0.04831300303339958
0.012502049095928669
0.04407501965761185
-0.011371920816600323
0.09323561936616898
0.010312424972653389
0.009535461664199829
-0.06300467997789383
0.008617231622338295
-0.01221951749175787
-0.004043742083013058
-0.05424617975950241
-0.047182876616716385
0.01645749993622303
-0.026840558275580406
0.07345836609601974
0.06441733986139297
0.04661780968308449
0.07967408001422882
-0.027970686554908752
-0.13109493255615234
0.03065474145114422
0.0020836747717112303
0.016528133302927017
0.03574032336473465
-0.01822332665324211
-0.05735403299331665
0.0024015235248953104
-5.054677603766322E-4
0.029948411509394646
-0.10001639276742935
-0.05735403299331665
-0.044922616332769394
0.011230654083192348
0.019212188199162483
0.09719107300043106
-0.10114651918411255
-0.04803047329187393
-0.019635986536741257
0.10510197281837463
0.06752519309520721
0.023026373237371445
0.06300467997789383
-0.02980714477598667
-0.052833519876003265
-0.01094812247902155
-0.008829130791127682
0.12148883938789368
0.03574032336473465
0.0020483583211898804
0.028959549963474274
0.014055976644158363
0.06611253321170807
0.05226845294237137
0.0565064363181591
0.06526493281126022
0.027123089879751205
0.055658839643001556
-0.011089388281106949
-0.009394194930791855
0.008970396593213081
0.10397184640169144
0.020766114816069603
0.01377344410866499
0.10227665305137634
-0.1395709067583084
-0.08928017318248749
0.021472446620464325
