-0.014196519739925861
-0.10021072626113892
-0.05233227089047432
-0.06309564411640167
0.007747774012386799
0.01614506170153618
-0.015031609684228897
-0.08944735676050186
-0.01660900004208088
-0.0534457229077816
0.14771804213523865
-0.0731167197227478
-0.05493032559752464
-0.08128203451633453
-0.02560940757393837
0.0347026027739048
0.0016005879733711481
0.04546597972512245
-0.048991911113262177
0.028021888807415962
-0.0051729148253798485
0.01345421839505434
0.046950582414865494
-0.023568078875541687
0.06792060285806656
-0.048991911113262177
-0.07868397980928421
0.0337747260928154
-0.039713140577077866
-0.04936306178569794
0.05827068164944649
-0.046765007078647614
-0.08870505541563034
0.010206648148596287
0.014196519739925861
0.0133614307269454
0.1106029525399208
-0.019949357956647873
0.007701380178332329
-0.01818639226257801
0.06458024680614471
-0.03600163385272026
0.11431445926427841
-0.0347026027739048
-0.031733397394418716
0.01354700606316328
-0.0267228614538908
-0.02542383223772049
0.021062809973955154
0.023568078875541687
0.00853646919131279
0.01605227403342724
0.022176263853907585
0.02542383223772049
-0.021619535982608795
-0.055672626942396164
-0.11208755522966385
-0.03396030142903328
0.023568078875541687
-0.040084291249513626
0.0994684249162674
5.654251435771585E-4
-0.011180919595062733
0.07571477442979813
0.03618720918893814
0.0374862365424633
0.021062809973955154
0.01633063703775406
0.029506491497159004
-0.02653728611767292
0.12693358957767487
0.057157229632139206
-0.012433553114533424
0.11134525388479233
-0.1603371649980545
0.08462239056825638
-0.023753654211759567
-0.04435252770781517
0.010206648148596287
0.04101216793060303
0.039341989904642105
0.009278771467506886
-0.002284897491335869
-0.019856570288538933
-0.056786078959703445
0.05975528806447983
-0.07014750689268112
0.05418802425265312
-0.03711508587002754
-0.02505268156528473
-0.05901298299431801
-0.0515899695456028
-0.05047651380300522
0.023660866543650627
-0.01373258139938116
-0.03692951053380966
0.04268234595656395
-0.047321733087301254
0.10243763029575348
0.0035955237690359354
-0.09724152088165283
-0.10095302760601044
0.10095302760601044
-0.029506491497159004
0.00853646919131279
-0.00802613701671362
-0.04045544192194939
0.04101216793060303
0.10763374716043472
0.0086756506934762
0.04379580169916153
-0.028764190152287483
0.09649921953678131
0.031733397394418716
-0.012247977778315544
-0.05381687358021736
-0.0044770073145627975
-0.0694052055478096
0.03730066120624542
0.12322208285331726
0.03303242474794388
0.055672626942396164
0.056043777614831924
-0.04101216793060303
-0.00681989686563611
-0.0319189727306366
0.012711916118860245
-0.038228537887334824
0.04453810304403305
0.06346679478883743
-0.04064101725816727
-0.0319189727306366
-0.04194004461169243
0.038599688559770584
-0.01874311827123165
0.030805520713329315
0.0347026027739048
-0.0026792450807988644
0.04490925371646881
0.019207056611776352
-0.009185983799397945
0.011830433271825314
-0.003711508587002754
-0.0257949847728014
-0.011320101097226143
0.056414928287267685
-0.12990279495716095
0.05196112021803856
-0.028207464143633842
-0.007144653704017401
0.15439875423908234
0.030991096049547195
0.03396030142903328
0.009557134471833706
-0.012340765446424484
2.5516620371490717E-4
-0.027836313471198082
-0.03600163385272026
0.04175446927547455
-2.3486890131607652E-4
-0.09872612357139587
0.08016858249902725
0.0337747260928154
0.11951057612895966
0.005404883995652199
-0.05233227089047432
0.06272449344396591
-0.00663432152941823
0.03396030142903328
0.1068914458155632
0.07348787039518356
0.010299435816705227
-0.01633063703775406
-0.10095302760601044
-0.019949357956647873
0.03229012340307236
0.10466454178094864
0.05047651380300522
0.01651621237397194
0.029877644032239914
-0.06420909613370895
0.019299844279885292
0.05047651380300522
0.020506083965301514
0.05789953097701073
-0.01679457537829876
0.031733397394418716
0.1321296989917755
-0.0133614307269454
0.03229012340307236
-0.03210454806685448
0.05455917492508888
0.0365583598613739
0.06606484949588776
0.05938413739204407
0.14697574079036713
-0.04657943174242973
-0.012804703786969185
-0.029877644032239914
0.08647814393043518
-0.1321296989917755
-0.010299435816705227
-0.05901298299431801
-0.02505268156528473
0.13287200033664703
-0.004778567235916853
-0.08276663720607758
0.05493032559752464
0.0021109203808009624
-0.15217185020446777
-0.0267228614538908
0.048620760440826416
0.02746516279876232
0.09390116482973099
-0.012247977778315544
7.886955281719565E-4
-0.02653728611767292
0.14400653541088104
-0.047136157751083374
-7.596993818879128E-4
0.05455917492508888
-0.03507375344634056
0.11431445926427841
-0.02542383223772049
0.05084766447544098
-0.1321296989917755
0.005335293244570494
-0.01326864305883646
-0.0319189727306366
-0.030991096049547195
-0.02468153089284897
-0.010253041982650757
-0.055672626942396164
0.0016121865483000875
0.0023428897839039564
-0.02616613544523716
-0.01725851371884346
-0.022547414526343346
-0.13287200033664703
-0.015309972688555717
-0.04323907196521759
-0.09501461684703827
-0.07200326770544052
0.039713140577077866
0.038970839232206345
0.11654136329889297
-0.002922812942415476
-0.039527565240859985
0.028207464143633842
-0.057528380304574966
0.047507308423519135
0.009835497476160526
0.03210454806685448
-0.07014750689268112
0.040269866585731506
-0.02709401212632656
-0.048991911113262177
-0.0051729148253798485
-0.0909319594502449
0.00807253085076809
0.01317585539072752
-0.06049758940935135
0.07905513048171997
-0.047136157751083374
0.05493032559752464
0.0927877128124237
-0.05121881514787674
-0.0051961117424070835
0.00644874619320035
0.03637278452515602
0.00658792769536376
0.03266127407550812
0.01874311827123165
0.07200326770544052
0.0497342124581337
0.012340765446424484
-0.0026560481637716293
0.047878459095954895
-0.024310380220413208
-0.0835089385509491
0.06717830151319504
-0.021433960646390915
0.05047651380300522
0.07274556905031204
0.046765007078647614
0.07719937711954117
-0.05827068164944649
-0.04064101725816727
-0.0024820712860673666
0.15736795961856842
-0.07200326770544052
0.002992403693497181
-0.12025287747383118
-0.1321296989917755
0.04490925371646881
-0.03451702743768692
-0.0497342124581337
-0.03711508587002754
0.01354700606316328
0.030248794704675674
