0.020683100447058678
0.04887146130204201
0.06074024736881256
0.026006599888205528
-0.05410769209265709
-5.263499915599823E-4
-0.05410769209265709
-0.1117061972618103
-0.02548297680914402
0.09355394542217255
8.352056465810165E-5
-0.021730346605181694
0.03403548151254654
-0.04031895846128464
-0.020770370960235596
0.016406849026679993
0.006763461511582136
-0.008552505634725094
0.017803175374865532
0.05759850889444351
0.04468248039484024
0.005847121588885784
0.06632556021213531
-0.0232139453291893
0.009337940253317356
0.019374044612050056
-0.018675880506634712
0.01204332523047924
-0.07575076818466187
0.037351761013269424
0.03298823907971382
-0.03159191086888313
-9.545207722112536E-4
0.04101711884140968
-0.015010520815849304
-0.08517597615718842
-0.09844108670949936
0.01518506184220314
-0.015446873381733894
0.024435730651021004
0.02286486327648163
0.056551262736320496
0.05690034478902817
0.014399627223610878
-0.00114542490337044
0.06492923200130463
-0.006676190998405218
0.12846213579177856
-0.02408665046095848
0.06004208326339722
-0.07086361944675446
0.12148049473762512
0.005628945305943489
0.005236227996647358
-0.04747513681650162
0.09774292260408401
-0.10891354829072952
-0.0294974185526371
-0.045380644500255585
-0.032813698053359985
-0.051664117723703384
0.0039053536020219326
0.008290695026516914
-0.1291602998971939
-0.007810707204043865
-0.04572972655296326
0.023563027381896973
-0.0991392508149147
0.10402639955282211
-0.020683100447058678
-0.03700267896056175
-0.007548895664513111
-0.09355394542217255
0.045380644500255585
0.006763461511582136
-0.06876912713050842
-7.745253969915211E-4
-0.009556116536259651
-0.0023235762491822243
0.04468248039484024
0.008639776147902012
-0.07714709639549255
0.028799254447221756
-0.12148049473762512
0.010865173302590847
-0.08063791692256927
-0.06213657557964325
0.016406849026679993
0.057947590947151184
0.0691182091832161
0.04433339834213257
-0.04346069321036339
-0.11589518189430237
0.05410769209265709
0.006065297406166792
-0.11310252547264099
-0.022166699171066284
-0.18291890621185303
0.055154938250780106
-0.022690322250127792
-0.14382173120975494
-0.031940992921590805
-0.028973795473575592
0.04328615218400955
0.048522379249334335
-0.002378120319917798
-0.008290695026516914
-0.02862471342086792
0.02373756840825081
-0.006632555741816759
0.07679801434278488
0.02461027167737484
0.03839900717139244
-0.08622322231531143
0.01230513583868742
0.0053016808815300465
-0.02722838707268238
0.0026508404407650232
0.18431523442268372
0.052013199776411057
-0.06702372431755066
-0.09844108670949936
0.029846500605344772
0.027402928099036217
0.04677697271108627
-0.12636764347553253
-0.010385185480117798
-0.05585309863090515
-0.20944912731647491
0.0841287299990654
-0.058296672999858856
-0.09774292260408401
-0.08168516308069229
-0.03630451485514641
0.05236228182911873
-0.05131503567099571
-0.03892263025045395
0.02234124019742012
0.15010520815849304
-0.08238331973552704
0.12706580758094788
-0.03979533538222313
0.049918707460165024
0.0841287299990654
0.08308148384094238
0.005105322692543268
-0.011781513690948486
0.0802888348698616
0.030544664710760117
-0.05410769209265709
0.0019526768010109663
0.03229007497429848
0.02548297680914402
0.01832679845392704
0.03787538409233093
-0.06318382173776627
-0.07435443997383118
0.07051453739404678
0.02146853506565094
0.1117061972618103
0.014050545170903206
0.019548585638403893
-0.0039053536020219326
-0.01963585615158081
0.06213657557964325
-0.036828137934207916
-0.005192592740058899
-0.0131778409704566
0.02408665046095848
0.017366822808980942
-0.12357498705387115
0.03543180972337723
-0.018937692046165466
0.004821693524718285
-0.032813698053359985
-0.05061687156558037
0.052013199776411057
0.001974494429305196
0.025832058861851692
0.010385185480117798
0.017541363835334778
-0.12636764347553253
-0.028973795473575592
0.017977716401219368
0.09355394542217255
0.03124282881617546
0.06318382173776627
-0.015097791329026222
-0.13195295631885529
1.1386068945284933E-4
0.01693047024309635
-0.05445677414536476
0.04119165986776352
0.01963585615158081
-0.03979533538222313
0.06248565763235092
0.07644893229007721
-0.00807251874357462
0.00959975179284811
-0.08447781205177307
0.03962079435586929
-0.006458014715462923
-0.05096595361828804
-0.022515781223773956
0.013526923023164272
-0.029846500605344772
-0.058296672999858856
-0.05550402030348778
-0.022690322250127792
-0.03490818664431572
-0.019461315125226974
-0.05131503567099571
-0.02234124019742012
0.07644893229007721
-0.09774292260408401
-0.0010799720184877515
-0.0014726892113685608
0.04782421886920929
0.011083349585533142
-0.00501805217936635
-0.004843511153012514
-0.06562739610671997
-0.06074024736881256
-0.06178749352693558
-0.06842004507780075
0.043111611157655716
-0.0010690632043406367
0.042762529104948044
0.08168516308069229
0.0232139453291893
-0.0691182091832161
0.058296672999858856
0.030195582658052444
-0.011781513690948486
-0.0017672269605100155
0.036479055881500244
-0.03403548151254654
0.09774292260408401
-0.044507939368486404
-0.03246461600065231
0.02548297680914402
-0.024261189624667168
0.06807096302509308
0.11868783831596375
-0.03002104163169861
-0.003534453921020031
-0.026530222967267036
-0.06178749352693558
6.87254942022264E-4
-0.028799254447221756
0.10891354829072952
0.01025427971035242
0.051664117723703384
0.00503986980766058
0.01007973961532116
0.08936496078968048
0.03927171230316162
-0.03752630203962326
0.056202180683612823
0.009774292819201946
0.041366200894117355
0.03211553394794464
8.999767014756799E-4
0.09983741492033005
0.07086361944675446
-0.02408665046095848
-0.1242731511592865
0.002661749254912138
0.019984938204288483
-0.003992624115198851
0.01073426753282547
0.03002104163169861
-0.023388486355543137
-0.023039404302835464
0.13265112042427063
-0.004668970126658678
-0.04572972655296326
0.00802888348698616
-0.003032648703083396
0.009119763970375061
-0.061438411474227905
0.06702372431755066
-0.008901587687432766
0.0019526768010109663
-0.10961171239614487
0.034210022538900375
0.007505260407924652
0.003119919216260314
-0.08761955052614212
0.02722838707268238
-0.015534143894910812
0.01431235671043396
-0.11868783831596375
0.03612997382879257
0.015534143894910812
0.09355394542217255
-0.04677697271108627
-0.040842581540346146
0.028101090341806412
-0.051664117723703384
