king
-0.08260601758956909
0.12331043183803558
-0.03980652242898941
0.025440258905291557
0.03501776605844498
0.06195451319217682
0.06315170228481293
-0.07332780212163925
-0.017284410074353218
-0.033670928329229355
-0.004582987632602453
-0.004152748268097639
0.057165756821632385
0.15024717152118683
-0.007632077671587467
-0.009577509015798569
-0.018706072121858597
0.006135591771453619
0.01444108784198761
-0.01399214193224907
0.08859195560216904
0.06045802682638168
0.0165361687541008
0.10355681926012039
-0.004826166667044163
-0.056267865002155304
-0.10894416272640228
-0.01399214193224907
-0.026188502088189125
-0.01975361257791519
-0.006958658806979656
0.020352207124233246
-0.09757087379693985
0.03187514841556549
-0.07123272120952606
-0.028133932501077652
-0.028732527047395706
-0.04549316689372063
-0.031575851142406464
-0.06315170228481293
-0.022896232083439827
-0.009165975265204906
0.07242991030216217
0.040405116975307465
-0.02139974758028984
-0.041303008794784546
0.05746505409479141
-0.023943772539496422
0.018257126212120056
0.05147911235690117
0.04100371152162552
0.0073701925575733185
-0.027535337954759598
0.007257956080138683
0.0017022525426000357
-0.04279949516057968
-0.013169074431061745
0.06404959410429001
-0.06464818865060806
-0.11552870273590088
-0.09996525198221207
-0.009353036060929298
0.05237700417637825
-0.10535259544849396
0.062253810465335846
0.04609176144003868
0.10415541380643845
0.07901445031166077
-0.0023382590152323246
-0.10056384652853012
-0.047887545078992844
0.011223643086850643
0.05686645954847336
0.03726249560713768
0.08859195560216904
-0.06973623484373093
-0.011223643086850643
-0.0012533068656921387
0.015787925571203232
-0.0029555594082921743
-0.03696319833397865
0.004620399791747332
-0.12031745910644531
-0.021848691627383232
0.05477137863636017
0.019903261214494705
-0.03352127969264984
0.020801153033971786
0.10295822471380234
-0.15922608971595764
0.029031824320554733
0.057165756821632385
0.13827528059482574
-0.008567380718886852
-0.016012398526072502
-0.027834635227918625
0.07362709939479828
-0.11732448637485504
0.017583707347512245
-0.0037973327562212944
0.04279949516057968
0.11313432455062866
0.06883834302425385
0.0031426202040165663
0.060158729553222656
0.036663901060819626
0.014291439205408096
-0.0739263966679573
0.045792464166879654
0.07422569394111633
-0.025440258905291557
0.08140882849693298
-0.033371634781360626
0.02843322977423668
-0.011148818768560886
-0.0018893133383244276
-0.005275112576782703
-0.052975594997406006
0.07781726121902466
0.09278211742639542
-0.06584537774324417
0.07332780212163925
-0.055070675909519196
0.07123272120952606
-0.12869778275489807
-0.07123272120952606
-0.043697383254766464
0.02603885345160961
0.03097725659608841
-0.010325752198696136
-0.04070441424846649
0.013094251044094563
-0.06434889137744904
-0.07662007212638855
-0.15683171153068542
-0.07662007212638855
-0.012944602407515049
0.020801153033971786
-0.011971886269748211
0.033371634781360626
0.027535337954759598
0.01489003375172615
-0.09517649561166763
0.010924345813691616
0.00366639019921422
-0.016012398526072502
-0.035766009241342545
0.03322198614478111
-0.14126825332641602
-0.08440180122852325
0.10116244107484818
-0.05267629772424698
0.004358514677733183
0.09278211742639542
0.05536997318267822
-0.0451938696205616
0.08260601758956909
0.022447286173701286
0.10894416272640228
-0.10295822471380234
0.13468371331691742
0.10295822471380234
-0.07332780212163925
0.033371634781360626
-0.05387348681688309
0.004246278200298548
0.05536997318267822
-0.03187514841556549
0.014740385115146637
-0.03187514841556549
0.06434889137744904
-0.0903877392411232
-0.11552870273590088
-0.022746583446860313
0.08200742304325104
0.049683328717947006
0.10355681926012039
-0.057165756821632385
0.018930545076727867
0.04818684235215187
-0.06764115393161774
-0.011148818768560886
-0.03696319833397865
0.03052831068634987
0.01930466666817665
0.01975361257791519
0.005836294498294592
0.007931374944746494
0.024093421176075935
-0.008717029355466366
-0.030378662049770355
0.02139974758028984
0.028283581137657166
-0.039207927882671356
0.00710830744355917
0.030677959322929382
0.031276553869247437
0.026188502088189125
-0.021250098943710327
0.0297800675034523
-0.02005290985107422
0.06704255938529968
0.07183131575584412
-0.011448116041719913
0.03501776605844498
-0.045792464166879654
-0.059260837733745575
0.021549396216869354
0.1795782893896103
-0.02514096163213253
-0.02678709477186203
-0.09517649561166763
-0.04309879243373871
-0.047588247805833817
0.03816038742661476
0.04639105871319771
0.01720958575606346
-0.0021324921399354935
-0.07422569394111633
-0.05387348681688309
0.006921246647834778
-0.07662007212638855
-0.06584537774324417
0.04728895053267479
0.10954275727272034
-0.06075732409954071
-0.04070441424846649
-0.007070895284414291
-0.03606530651450157
0.02214798890054226
0.07123272120952606
-0.0209508016705513
-0.04698965325951576
-0.057165756821632385
-0.04489457234740257
0.008754441514611244
-0.006360064726322889
0.016162047162652016
0.024542367085814476
0.019903261214494705
0.020651504397392273
0.040405116975307465
-0.010400576516985893
-0.1113385409116745
0.008118435740470886
0.018331950530409813
0.03516741469502449
0.01750888302922249
0.06853904575109482
-0.07003553211688995
0.02633814886212349
0.02469201572239399
0.044595275074243546
0.06434889137744904
0.02424306981265545
0.059260837733745575
0.019454315304756165
-0.012720129452645779
-0.05117981508374214
0.05686645954847336
-0.03441917151212692
-0.09338071197271347
0.018481599166989326
0.05477137863636017
0.07901445031166077
-0.03980652242898941
0.014590736478567123
-0.04010581970214844
-0.04609176144003868
0.11732448637485504
-0.01631169579923153
-0.007295368239283562
0.09936665743589401
-0.06524678319692612
0.028283581137657166
-0.05985943228006363
-0.03756179288029671
-0.05117981508374214
-0.04220090061426163
-0.05267629772424698
0.045792464166879654
0.04698965325951576
0.06764115393161774
-0.022896232083439827
-0.011897061951458454
-0.016012398526072502
-0.042500197887420654
0.004732636269181967
0.10774697363376617
0.01047540083527565
-0.12211324274539948
0.039207927882671356
-0.00534993689507246
-0.04100371152162552
0.05596856772899628
0.02558990754187107
-0.02139974758028984
-0.08140882849693298
0.001197188626974821
-0.057165756821632385
