man
0.1411622315645218
0.056633949279785156
0.015003769658505917
-0.0359245203435421
0.03888300806283951
-0.017856599763035774
-0.08579620718955994
0.0029849049169570208
0.06212828680872917
8.419809164479375E-4
0.01246792171150446
-0.1081961989402771
-0.0363471619784832
-0.06550941616296768
-0.04416602477431297
0.017645278945565224
-0.04226414114236832
0.025675464421510696
0.012890562415122986
-0.04353206604719162
-0.056633949279785156
5.613206303678453E-4
0.011305657215416431
-0.11749430745840073
0.027683012187480927
-0.08283771574497223
-0.033811312168836594
0.11242261528968811
0.16229429841041565
-0.019652824848890305
0.0701584741473198
0.059169795364141464
-0.027683012187480927
-0.008928299881517887
-0.041841499507427216
0.1098867654800415
0.1073509156703949
-0.05494338274002075
0.031064143404364586
0.13862638175487518
0.013630185276269913
-0.016694335266947746
0.09171318262815475
-0.0035132067278027534
0.09636224061250687
-0.05832451209425926
-0.03296602889895439
0.0045433952473104
-0.022399993613362312
0.016483014449477196
-0.05790187045931816
0.05409809947013855
0.024196220561861992
-0.07903394103050232
0.03529055789113045
-0.03655848279595375
-0.03359999135136604
-0.018807541579008102
0.0350792370736599
-0.004728300496935844
0.07565280795097351
0.13270939886569977
-0.018701881170272827
-0.006128300447016954
0.03930564969778061
-0.004015093203634024
-0.014898109249770641
-0.04987168684601784
0.053886778652668
-0.010671695694327354
0.03698112443089485
0.06212828680872917
-0.12003015726804733
0.015849051997065544
-0.04775847867131233
0.056633949279785156
-0.007449054624885321
-0.034867916256189346
-0.003064150223508477
-0.01278490200638771
0.13017354905605316
-0.03909432888031006
0.013630185276269913
-0.08072450757026672
-0.048392441123723984
0.044377345591783524
-0.11242261528968811
-0.009562261402606964
0.0726943239569664
-0.023033956065773964
-0.06297356635332108
-0.0045433952473104
-0.013154713436961174
-0.016694335266947746
0.04987168684601784
-0.002707546576857567
-0.06043772026896477
0.034656595438718796
0.026415087282657623
-0.06635469943284988
-0.04818112030625343
-0.06128300353884697
0.08579620718955994
-0.030007539317011833
0.12679241597652435
-0.06931319087743759
0.09044525772333145
1.8077825370710343E-4
0.007924525998532772
-0.08748677372932434
0.020603768527507782
0.02514716424047947
-0.005335847847163677
-0.008611318655312061
-0.0015783015405759215
-0.005864149425178766
-0.03571319952607155
-0.013630185276269913
0.0031037728767842054
0.08706413209438324
0.0359245203435421
-0.020815089344978333
-0.11411318182945251
-0.041841499507427216
-0.09763016551733017
-0.041841499507427216
0.028105653822422028
-0.010830186307430267
0.0367698036134243
0.013841506093740463
-0.03275470808148384
-0.1098867654800415
-0.05050564929842949
-0.0062603759579360485
-0.06931319087743759
-0.0030377351213246584
-0.024724522605538368
0.012150940485298634
-0.03972829133272171
0.1090414822101593
0.10439242422580719
0.02873961627483368
0.056211307644844055
0.0739622488617897
-0.059169795364141464
0.08114714920520782
-0.04332074522972107
-0.0181735809892416
-0.051984891295433044
0.0022716976236552
0.06762262433767319
-0.08790941536426544
-0.030852822586894035
-0.026415087282657623
0.0070792436599731445
0.07903394103050232
0.015532071702182293
-0.01838490180671215
0.0726943239569664
-0.06508677452802658
-0.0735396072268486
0.007924525998532772
0.12003015726804733
-0.00549433846026659
-0.016905656084418297
-0.06677734106779099
0.07987922430038452
-0.034233953803777695
0.03909432888031006
-0.011728298850357533
0.03571319952607155
0.02916225604712963
-0.06973583251237869
-0.08495092391967773
-0.06593205779790878
-0.02039244771003723
0.020603768527507782
0.02556980401277542
-0.0731169655919075
-0.06466413289308548
0.056211307644844055
0.018701881170272827
0.011358487419784069
-0.07776601612567902
-0.08495092391967773
0.027894333004951477
0.03867168724536896
0.071003757417202
-0.016483014449477196
-0.04247546195983887
-0.006418866105377674
0.08114714920520782
0.05536602437496185
0.09847544878721237
0.007871695794165134
-0.034445274621248245
-0.049237724393606186
-0.030007539317011833
-0.06719998270273209
-0.0350792370736599
-0.04015093296766281
-0.049026403576135635
-0.06550941616296768
-0.034656595438718796
-0.022188672795891762
-0.06635469943284988
0.05050564929842949
0.029584897682070732
0.014052826911211014
-0.1470792144536972
-0.03529055789113045
-0.03613584116101265
0.017328297719359398
0.021237730979919434
-0.10439242422580719
-0.05832451209425926
-0.025675464421510696
0.052618853747844696
-0.1479244977235794
0.0714263990521431
0.02673206850886345
-0.07861129939556122
0.08706413209438324
-0.03338867053389549
0.071003757417202
0.0017433958128094673
0.13101883232593536
-0.04332074522972107
-0.059169795364141464
-0.02578112483024597
0.027049049735069275
-0.09213582426309586
-0.028316974639892578
0.07776601612567902
-0.03359999135136604
-0.008347167633473873
-0.06508677452802658
-4.5896213850937784E-4
0.014792448841035366
0.01447546761482954
0.08368299901485443
0.008505658246576786
-0.08621884882450104
-0.04606791213154793
0.006603771820664406
0.004015093203634024
0.006128300447016954
-0.010354714468121529
0.025464143604040146
0.010249054059386253
0.05409809947013855
0.020603768527507782
-0.024090560153126717
0.05008300766348839
0.06381884962320328
0.04395470768213272
-0.030852822586894035
-0.03338867053389549
-0.05452074110507965
0.012626412324607372
0.041207537055015564
-0.05367545783519745
-0.04733583703637123
-0.055788666009902954
0.0705811157822609
0.12256600707769394
-0.013630185276269913
0.05325281620025635
-0.10058865696191788
-0.04057357460260391
-0.056211307644844055
0.005864149425178766
-0.01679999567568302
-0.03571319952607155
0.0038830179255455732
0.0705811157822609
0.04564527049660683
-0.060015078634023666
-0.0714263990521431
-0.016694335266947746
0.04691319540143013
-0.045433949679136276
0.027683012187480927
0.16821128129959106
-0.025886785238981247
-0.0265207476913929
-0.045222628861665726
-0.0726943239569664
0.031064143404364586
0.06043772026896477
0.06719998270273209
-0.013524524867534637
-0.08748677372932434
-0.056211307644844055
-0.04353206604719162
-0.027683012187480927
-0.03613584116101265
-0.13101883232593536
-0.034656595438718796
0.0090867904946208
