0.02490796148777008
0.07472388446331024
0.028530936688184738
0.04958948493003845
0.018794188275933266
-0.007217647973448038
-0.01981315016746521
-0.009397094137966633
0.06113772094249725
0.09600886702537537
0.0969146117568016
0.028757372871041298
-0.013303115032613277
0.013699378818273544
0.046192944049835205
-0.07019516080617905
-0.03645619750022888
0.007528997492045164
0.06702505797147751
-0.0946502536535263
0.008547958917915821
-0.002363425912335515
0.0529860258102417
0.06883654743432999
0.04302284121513367
0.04007917270064354
-0.08785717189311981
-0.04075848311185837
0.06023197993636131
-0.04981592297554016
-0.005915640853345394
-0.06340207904577255
0.014265468344092369
0.04302284121513367
0.06793080270290375
0.012737025506794453
-0.030795296654105186
0.01777522638440132
0.10461343824863434
0.005236332770437002
0.010812319815158844
-0.021964292973279953
-0.043475713580846786
0.01256719883531332
0.1082364097237587
-0.021511420607566833
0.036909069865942
0.010982146486639977
0.058420490473508835
0.034191835671663284
0.073818139731884
-0.016982700675725937
0.013359724543988705
-0.02026602253317833
-0.021511420607566833
-0.08332844823598862
-0.08921578526496887
-0.02649301290512085
-0.11367087811231613
-0.08151696622371674
-0.021284984424710274
0.017662009224295616
-0.021964292973279953
-0.12046395987272263
0.022530382499098778
-0.004104152787476778
-0.09419737756252289
-0.09238588809967041
0.012793634086847305
0.01913384348154068
-0.10008471459150314
-0.0991789698600769
-0.057967618107795715
0.012850243598222733
1.5921282465569675E-4
0.009510312229394913
0.10280194878578186
-0.03668263182044029
0.04891017824411392
-0.04098491743206978
-0.017322354018688202
-0.05366533249616623
-0.047098688781261444
-0.04981592297554016
0.06747793406248093
-0.021398203447461128
0.009283876046538353
-0.01234076265245676
-0.0053212461061775684
0.01777522638440132
0.009849966503679752
0.032833222299814224
-0.06476069986820221
-0.06159059330821037
-0.0437021479010582
-0.014322077855467796
0.0013939966447651386
-0.002377578057348728
0.001669965567998588
-0.007868651300668716
-0.07653537392616272
0.03373896703124046
0.027511974796652794
-0.07064803689718246
-0.0242286529392004
0.06928941607475281
0.04302284121513367
0.13314437866210938
-0.028191283345222473
-0.015737302601337433
-0.005915640853345394
0.028530936688184738
0.09057440608739853
0.018341315910220146
0.045740075409412384
-0.03758837655186653
-0.07245951890945435
-0.07291239500045776
-0.021511420607566833
0.014322077855467796
-0.06793080270290375
-0.045740075409412384
-0.09012152999639511
-0.007076125126332045
0.023775780573487282
-0.057741183787584305
-0.06883654743432999
0.08151696622371674
0.06838367134332657
0.05389177054166794
0.06928941607475281
-0.06838367134332657
-0.09600886702537537
0.014208859764039516
-0.025474051013588905
-0.05117453634738922
0.03622975945472717
0.07064803689718246
-0.006991211790591478
0.014491904526948929
0.05366533249616623
0.05004235729575157
0.08695142716169357
-0.01200110837817192
0.021284984424710274
-0.010642492212355137
0.022756818681955338
-0.06430782377719879
-0.0414377897977829
-0.10461343824863434
0.033059656620025635
-0.05389177054166794
0.09238588809967041
-0.03939986601471901
0.10099045932292938
-0.033512528985738754
-0.03962630033493042
0.02694588527083397
-0.006396817043423653
-0.04732512682676315
-0.03577689081430435
0.03441827371716499
0.07291239500045776
-0.05570325627923012
-0.09827322512865067
-0.058873362839221954
0.07064803689718246
-0.05253315344452858
0.02071889489889145
0.008095087483525276
0.031021732836961746
-0.07427100837230682
-0.11593523621559143
-0.10868928581476212
-0.008321523666381836
-0.007868651300668716
0.005745813716202974
0.059326235204935074
-0.023096472024917603
0.044381458312273026
0.057061873376369476
0.03622975945472717
0.06566644459962845
-0.05389177054166794
-0.0078120422549545765
0.006142076570540667
0.03668263182044029
0.022756818681955338
0.07245951890945435
-0.058873362839221954
-0.15035350620746613
-0.057061873376369476
-0.07245951890945435
-0.07517675310373306
0.01822809875011444
0.07472388446331024
0.05547682195901871
0.016529828310012817
-0.03872055560350418
-0.02094533108174801
-0.05275959149003029
-0.043928585946559906
-0.16031669080257416
-0.024794742465019226
0.11276513338088989
-0.03645619750022888
0.016982700675725937
-0.012170935049653053
0.07517675310373306
-0.09646174311637878
-0.02490796148777008
-0.0715537816286087
0.08423419296741486
0.022417165338993073
-0.08378132432699203
-0.017435573041439056
0.022983254864811897
-0.1268041580915451
0.06521356850862503
-0.08423419296741486
-0.09193301945924759
-0.05366533249616623
-0.04868374019861221
-0.10416056215763092
-0.06204346567392349
0.05185384675860405
0.06974229216575623
-0.012963461689651012
0.09736748039722443
-0.06747793406248093
-0.006651557516306639
-0.02671944908797741
0.05275959149003029
0.09329163283109665
-0.021964292973279953
0.08332844823598862
-0.00628359941765666
0.023775780573487282
0.1313328891992569
0.08695142716169357
-0.016416611149907112
-0.11004789918661118
-0.04868374019861221
0.009057439863681793
-0.06974229216575623
0.13495586812496185
-0.01415225025266409
0.047098688781261444
0.0020096194930374622
-0.001570899854414165
0.019247060641646385
0.02513439767062664
0.016190174967050552
0.09419737756252289
0.10551918298006058
0.05230671912431717
0.059326235204935074
0.06294921040534973
-0.028417719528079033
-0.021398203447461128
-0.043249279260635376
0.04007917270064354
0.005349550861865282
-0.06793080270290375
-0.06793080270290375
0.030115989968180656
-0.056835439056158066
0.026832666248083115
0.05004235729575157
-0.1222754418849945
-0.016982700675725937
0.028417719528079033
-0.005066505633294582
0.08604568243026733
-0.026606230065226555
-0.09782035648822784
0.017095917835831642
0.10099045932292938
-0.017435573041439056
-7.854499272070825E-4
-0.06928941607475281
0.05570325627923012
-0.03985273838043213
0.029889553785324097
0.05502394959330559
0.02400221675634384
-0.017209136858582497
0.05208028107881546
0.08242270350456238
0.08015834540128708
-0.0038211075589060783
0.05162740871310234
-0.021624639630317688
0.031701039522886276
-0.11004789918661118
-0.03894699364900589
0.08695142716169357
-0.042796406894922256
-0.010359447449445724
0.05185384675860405
