0.06469458341598511
0.09938587993383408
0.02515900507569313
0.13001424074172974
-0.022189930081367493
-0.0631319135427475
-0.022658731788396835
0.04187958687543869
0.06813246011734009
-0.003769943956285715
-0.03625397011637688
0.026252875104546547
-0.05625616014003754
0.06813246011734009
-0.03328489512205124
0.039223045110702515
0.008438424207270145
0.01672057993710041
0.03000328503549099
-0.04625506326556206
-0.027815544977784157
0.05031801015138626
0.05188068002462387
0.0019924056250602007
0.011798166669905186
0.03500383347272873
-0.10938697308301926
-0.10688669979572296
0.20502245426177979
5.420515080913901E-4
-0.05063054338097572
-0.04062945023179054
-0.09938587993383408
-0.07250794023275375
0.03703530505299568
-0.042504653334617615
0.052818283438682556
-0.04969293996691704
-0.02984701842069626
0.05844390019774437
0.026252875104546547
-0.017345648258924484
0.042504653334617615
0.10938697308301926
-0.02359633333981037
0.11126217991113663
-0.002451440319418907
-0.023752599954605103
-0.0606316402554512
-0.027346743270754814
0.019611522555351257
0.08188396692276001
-0.06875752657651901
-0.03844171017408371
0.0335974283516407
-0.032347291707992554
-0.021252326667308807
-0.0032816093880683184
-0.07469567656517029
-0.055631089955568314
0.07313300669193268
0.03875424340367317
-0.04375478997826576
-0.005391215439885855
-0.047817736864089966
0.0368790365755558
-0.052505750209093094
-0.040941983461380005
0.01851765252649784
0.016173645853996277
-0.02328380011022091
0.05813136324286461
0.05313081666827202
0.05844390019774437
0.04187958687543869
-0.026096606627106667
0.06156923994421959
0.09501039981842041
-0.036097701638936996
0.017970718443393707
0.08375917375087738
-0.047505199909210205
-0.011876299977302551
0.008086822926998138
-0.01336083747446537
0.010626163333654404
-0.02515900507569313
0.0019142720848321915
0.035628899931907654
0.004883347079157829
-0.04969293996691704
-0.034066230058670044
-0.1212632805109024
-0.09438533335924149
0.03297236189246178
0.016095511615276337
0.03703530505299568
-0.034066230058670044
0.026409141719341278
-0.06000657007098198
0.042504653334617615
-0.1712687462568283
0.06281937658786774
-0.02172112837433815
-0.02140859328210354
-0.011641900055110455
-0.027346743270754814
-0.06406951695680618
-0.027971813455224037
-0.10813684016466141
0.01336083747446537
-0.03859797492623329
0.03828544169664383
0.07500821352005005
0.06156923994421959
0.014767241664230824
0.045942530035972595
-0.05531855672597885
-0.030784619972109795
0.017267515882849693
-0.03812917321920395
-0.022033661603927612
0.006328817922621965
-0.017033115029335022
-0.016954980790615082
-0.0014650041703134775
0.032816093415021896
0.0696951299905777
0.026409141719341278
0.011251231655478477
-0.020783524960279465
0.0037308773025870323
0.07563327997922897
-0.019533388316631317
-0.012032567523419857
-0.06250684708356857
-0.03172222152352333
-0.026096606627106667
0.04688013345003128
-0.014767241664230824
0.024377668276429176
-0.036097701638936996
-0.08250903338193893
0.02859688177704811
-0.052505750209093094
0.010235495865345001
-0.05375588685274124
0.05063054338097572
-0.013126437552273273
-0.012345101684331894
0.06531964987516403
-0.10063602030277252
0.04562999680638313
-0.11688780039548874
-0.0787586197257042
-0.00828215666115284
0.008047755807638168
0.029534483328461647
-0.0151579100638628
0.0500054731965065
-0.04281718656420708
-0.08000876009464264
0.05813136324286461
0.08375917375087738
0.010626163333654404
-0.11188725382089615
0.08250903338193893
-0.001259903539903462
0.11501259356737137
0.05219321325421333
-0.030784619972109795
0.002656540833413601
0.04500492662191391
-0.01242323499172926
0.008594690822064877
-0.05188068002462387
-0.02531527169048786
-0.02172112837433815
-0.09125999361276627
-0.04187958687543869
-0.0868845134973526
0.024221401661634445
-0.08500930666923523
0.01992405578494072
0.02359633333981037
-0.006719485856592655
-0.0893847867846489
-0.07969622313976288
-0.013517105020582676
0.10063602030277252
0.028753148391842842
0.059381499886512756
0.10501150041818619
0.09188506007194519
-0.11251232028007507
0.06438204646110535
-0.07500821352005005
-0.06625725328922272
0.02140859328210354
-0.08500930666923523
-0.1550169736146927
0.06281937658786774
-0.007735222112387419
-0.08188396692276001
-0.006367884576320648
-0.014845374971628189
0.09688560664653778
0.004746613558381796
-0.04562999680638313
-0.04375478997826576
-0.0787586197257042
0.0434422567486763
-0.04062945023179054
-0.025627806782722473
-0.013126437552273273
-0.021252326667308807
-0.055943626910448074
0.0606316402554512
0.027190476655960083
-0.06188177689909935
-0.08125890046358109
0.11188725382089615
-0.052818283438682556
-0.04312972351908684
0.057818830013275146
-0.05063054338097572
0.029378216713666916
0.12001314014196396
0.10063602030277252
-0.0068366858176887035
-0.027190476655960083
0.04125451669096947
0.008946292102336884
-0.09501039981842041
0.06125670671463013
-0.007383620832115412
0.02531527169048786
0.007461754605174065
0.022502463310956955
-0.0778210237622261
-0.020783524960279465
0.014845374971628189
-0.027971813455224037
-0.08188396692276001
-0.027971813455224037
-0.05844390019774437
-0.006914819590747356
0.11438752710819244
0.05156814679503441
-0.016095511615276337
-0.07563327997922897
0.0011915366631001234
0.008750958368182182
-0.022502463310956955
0.06688231974840164
0.003769943956285715
0.051255613565444946
-0.018048850819468498
0.006758552510291338
-0.08063382655382156
0.06156923994421959
0.054380953311920166
-0.0151579100638628
0.010548030026257038
-0.06000657007098198
-0.01992405578494072
-0.08813464641571045
-0.10813684016466141
-0.040941983461380005
-0.06844499707221985
-0.07750848680734634
0.10876190662384033
0.060944173485040665
-0.027190476655960083
0.029534483328461647
-0.005508415400981903
0.13251450657844543
-0.06656979024410248
0.018752053380012512
-0.05188068002462387
-0.05344334989786148
-0.09501039981842041
-0.04719266667962074
0.07000766694545746
-0.0843842402100563
-0.060944173485040665
-0.05375588685274124
-0.0631319135427475
0.02187739498913288
-0.040941983461380005
-0.047505199909210205
-0.1237635537981987
-0.04031691327691078
-0.08813464641571045
-0.035785168409347534
-4.05317812692374E-4
0.054380953311920166
0.036097701638936996
0.09000985324382782
0.010235495865345001
