queen
-0.06428122520446777
0.060843728482723236
0.09693747013807297
0.044687483459711075
-0.10381246358156204
0.014179682359099388
0.11618746072053909
-0.08043747395277023
0.0886874720454216
-0.07837497442960739
0.04606248438358307
-0.03660936281085014
0.0900624692440033
-0.005757810547947884
-0.01787499338388443
0.015039057470858097
0.005628904327750206
-0.018562493845820427
0.056031230837106705
-0.014523432590067387
0.04210935905575752
-0.008507809601724148
0.018046868965029716
0.024234367534518242
-0.04743748530745506
0.08421871811151505
-0.006574216298758984
0.05259373039007187
-0.053281232714653015
-0.09762496501207352
0.09143746644258499
0.05912498012185097
-0.00816405937075615
0.012804683297872543
0.13268744945526123
0.04709373414516449
-0.04674998298287392
0.01950780488550663
-0.007906246930360794
0.015812493860721588
-0.01839061826467514
-0.02440624125301838
0.045718733221292496
0.0508749820291996
-0.0033945301547646523
-5.156248225830495E-4
0.06978122889995575
-0.037640612572431564
-0.025609366595745087
0.09281247109174728
-0.031624987721443176
0.09556246548891068
-0.07218747586011887
-0.04984373226761818
-0.020882805809378624
0.09281247109174728
-0.03901560977101326
0.0034160143695771694
0.0508749820291996
-0.0221718680113554
0.04159373417496681
0.07253122329711914
-0.03179686516523361
-0.010613277554512024
0.03953123465180397
-0.027843739837408066
-0.028359364718198776
0.0019873040728271008
0.00251367106102407
-0.0312812402844429
-0.008421871811151505
0.04743748530745506
0.017445307224988937
0.008421871811151505
-0.07287497818470001
-0.08181247115135193
0.026124991476535797
0.015812493860721588
0.03196873888373375
0.0900624692440033
-0.009753902442753315
-0.06290622800588608
0.09968746453523636
-0.008249997161328793
-0.07253122329711914
-0.0625624805688858
0.006660154089331627
-0.009023434482514858
-0.0900624692440033
-0.010398433543741703
0.08765622228384018
-0.03024999052286148
-4.733274909085594E-5
-0.022859366610646248
-0.04606248438358307
-0.029562490060925484
-0.061531227082014084
0.05018748342990875
-0.07871872186660767
-0.036437489092350006
-0.013749995268881321
-0.0018691399600356817
0.015898432582616806
-0.042968735098838806
0.0037382799200713634
0.04399998486042023
0.0021914055105298758
0.11756245791912079
0.04674998298287392
-0.028015615418553352
-0.04606248438358307
0.058093730360269547
-0.039703112095594406
0.13612495362758636
0.026812490075826645
-0.00867968425154686
-0.007949216291308403
0.004833982791751623
0.03231249004602432
-0.056031230837106705
-0.07528122514486313
0.04778123274445534
-0.040390610694885254
0.10243746638298035
-0.06049998104572296
-0.04279686138033867
-0.014523432590067387
-0.0769999772310257
-0.001396483858115971
0.06049998104572296
0.0025996083859354258
-0.04606248438358307
-0.04915623366832733
0.0022021476179361343
-0.038156237453222275
-0.09418746829032898
0.002814452163875103
0.06428122520446777
0.09143746644258499
-0.04073436185717583
0.0345468632876873
0.06668747961521149
-0.015382806770503521
-0.019335931167006493
-0.060843728482723236
0.05465622991323471
0.011257808655500412
0.030078114941716194
0.08937496691942215
-0.006488278973847628
-0.027156241238117218
0.06634372472763062
0.02174217998981476
0.07081247866153717
-0.044687483459711075
-0.07115622609853745
-0.0508749820291996
-0.0900624692440033
0.04812498390674591
-0.07424997538328171
-0.04382811114192009
-0.05190623179078102
-0.04348435997962952
-0.14781245589256287
0.013749995268881321
0.05912498012185097
-0.05121873319149017
0.0019980461802333593
-0.07253122329711914
-0.03196873888373375
-0.03368748724460602
0.01615624502301216
0.11274996399879456
-0.0574062317609787
0.04331248626112938
0.038671862334012985
0.013578120619058609
-0.026812490075826645
-0.08662497252225876
0.00292187393642962
-0.08628121763467789
-0.15606243908405304
0.08662497252225876
-0.06565622985363007
-0.018218744546175003
0.12581245601177216
-0.07837497442960739
-0.09831246733665466
-0.03403123840689659
0.11206246167421341
-0.06771872937679291
0.13474994897842407
0.07184372842311859
-0.041421860456466675
-0.04984373226761818
-0.053281232714653015
-0.02973436564207077
0.04503123462200165
-0.07321872562170029
-0.09281247109174728
0.054312482476234436
0.1526249498128891
0.0013642573030665517
-0.01409374549984932
-0.07253122329711914
0.07184372842311859
-0.03574998676776886
0.013664057478308678
0.02002342976629734
-0.08662497252225876
0.03746873885393143
0.0639374777674675
0.034374989569187164
0.009410153143107891
-0.022859366610646248
-0.0508749820291996
0.022859366610646248
-0.10656246542930603
0.03935936093330383
-0.029906239360570908
-0.029046865180134773
-0.029046865180134773
-0.03196873888373375
-0.01005468424409628
0.03987498581409454
-0.007347653619945049
0.018648430705070496
-0.07803121954202652
-0.002857420826330781
-0.0312812402844429
-0.039187487214803696
0.026812490075826645
-0.0019335930701345205
0.03179686516523361
-0.008722653612494469
0.03832811117172241
0.010484371334314346
-0.021999992430210114
-0.1003749668598175
-0.07253122329711914
0.021999992430210114
-0.08937496691942215
-7.895504822954535E-4
-7.680661510676146E-4
0.01778905652463436
-0.06737497448921204
0.03351561352610588
-0.07493747770786285
0.01564062014222145
-0.08078122138977051
0.0024169913958758116
-0.028531240299344063
0.044687483459711075
-0.0221718680113554
0.07906246930360794
-0.04984373226761818
-0.07149997353553772
0.010312496684491634
-0.10518746078014374
-0.08593747019767761
-0.02105467952787876
-0.07390622794628143
0.029046865180134773
-0.0035878894850611687
0.024578116834163666
0.14299994707107544
2.4304191174451262E-4
-0.03282811492681503
-0.10587496310472488
0.04640623554587364
-0.08799996972084045
0.005005857441574335
0.02492186613380909
0.09624996781349182
6.311032921075821E-4
0.013664057478308678
-0.09349996596574783
-0.10931245982646942
-0.09281247109174728
0.05259373039007187
-0.024234367534518242
-0.0625624805688858
0.025781240314245224
-0.0015253900783136487
0.03471873700618744
0.11687496304512024
-0.11068746447563171
0.02767186611890793
0.026812490075826645
-0.0326562374830246
-0.02371874265372753
-0.05671872943639755
-0.07768747210502625
-0.08799996972084045
-0.08181247115135193
-0.029390614479780197
-2.014159399550408E-4
0.022515617311000824
0.07218747586011887
-0.04021873697638512
