-0.051561880856752396
-0.019362011924386024
-0.028832560405135155
0.0022624090779572725
9.865155443549156E-4
-0.09554731845855713
-0.1005982831120491
-0.0517723374068737
0.03304169327020645
0.02241363376379013
-4.998345393687487E-4
-5.656022694893181E-4
-0.0014929268509149551
0.03135804086923599
-0.0976518839597702
0.004998345393687487
0.11364658921957016
0.012627399526536465
-0.012995698489248753
-0.0229397751390934
0.012311713770031929
0.002762243617326021
0.10017737001180649
-0.019888153299689293
0.01862541399896145
-0.0690297782421112
-0.005682329647243023
-0.03788219764828682
-7.596169598400593E-4
-0.04124950245022774
-0.06271608173847198
0.09681005775928497
0.0745016559958458
-0.023150231689214706
0.03556717559695244
0.04545863717794418
0.04082858934998512
0.0458795502781868
0.04167041555047035
0.0065767704509198666
0.00407759752124548
-0.060190603137016296
-0.08291991800069809
-0.030305758118629456
-0.05934877693653107
0.005708636716008186
0.09344275295734406
-0.03135804086923599
0.07702713459730148
0.013574454002082348
0.005156187806278467
0.07365982979536057
-0.05303507670760155
-0.09344275295734406
0.024833884090185165
0.032831236720085144
0.03935539349913597
-0.026307081803679466
0.09512640535831451
-0.15994705259799957
0.1060701534152031
-0.04672137647867203
-0.09723097085952759
0.019572468474507332
0.011680344119668007
-0.054718729108572006
-0.05766512081027031
-0.03767174109816551
-0.06818795204162598
-0.0719761773943901
0.030937127768993378
-0.10186102241277695
0.022518862038850784
-0.05345598980784416
-0.013890138827264309
0.03409397602081299
0.011417273432016373
0.050930511206388474
0.012890470214188099
0.02472865581512451
0.02493911236524582
-0.050720054656267166
0.07997352629899979
-0.03598808869719505
0.08923362195491791
-0.07408074289560318
0.02525479905307293
0.1725744605064392
0.08923362195491791
-0.15068696439266205
-0.003301538759842515
-0.07618530839681625
-0.046931833028793335
0.04356452822685242
-0.09723097085952759
0.08923362195491791
-0.027990734204649925
0.044406354427337646
-0.08081535249948502
-0.07492256909608841
-0.02357114478945732
-0.10943745821714401
0.020835207775235176
-0.050088685005903244
0.027148908004164696
0.02693845145404339
0.10775380581617355
0.0010851671686396003
-0.10396558791399002
0.014100595377385616
-0.05513964220881462
-0.009996690787374973
0.00989146251231432
0.0021703343372792006
-0.0015323874540627003
0.056402381509542465
-0.03956585004925728
-0.10312376171350479
0.06566247344017029
0.036619458347558975
-0.023360688239336014
0.11112111061811447
-0.05808603763580322
-0.03325214982032776
-0.0200986098498106
-0.039776306599378586
-0.021361351013183594
0.03956585004925728
0.05976969003677368
0.06734612584114075
-0.032831236720085144
-0.09807279706001282
-0.0036303773522377014
-5.623138858936727E-4
0.007260754704475403
-0.04103904590010643
0.039776306599378586
0.1692071408033371
-9.075943380594254E-4
-0.03619854524731636
-0.009575777687132359
0.009944076649844646
0.011312045156955719
-0.0172574445605278
-0.02125612273812294
0.04040767624974251
0.09975644946098328
-0.12543216347694397
-0.0032226175535470247
0.06692521274089813
-0.008944408036768436
0.03619854524731636
0.04482726752758026
0.038303110748529434
-0.04987822473049164
0.015363335609436035
0.038303110748529434
-0.009523163549602032
0.009312706999480724
-0.04566909372806549
-0.019046327099204063
-0.05282462015748024
0.08670814335346222
-0.013784910552203655
0.0052351090125739574
-0.04209132865071297
-0.04335407167673111
0.02209794893860817
-0.013784910552203655
-0.008207809180021286
0.06397882103919983
-0.011890800669789314
0.08712905645370483
-0.0172574445605278
0.10859563201665878
0.03809265419840813
0.09723097085952759
0.0064452351070940495
-0.09133818745613098
0.020835207775235176
-0.05029914155602455
-0.09344275295734406
-0.0056560225784778595
0.02988484501838684
-0.07534348219633102
-0.017994044348597527
0.0026701688766479492
-0.08207809180021286
0.14816148579120636
-0.019151555374264717
-0.006287392694503069
-0.04945731163024902
0.04987822473049164
0.04398544132709503
-0.04545863717794418
0.013469225727021694
0.07660622149705887
0.003091081976890564
-0.06566247344017029
-0.08586631715297699
0.00407759752124548
-0.010996360331773758
0.04566909372806549
0.0862872302532196
0.03851356729865074
0.03325214982032776
-0.05934877693653107
0.010470218025147915
-0.14226870238780975
0.10186102241277695
-0.025360027328133583
-0.051561880856752396
-0.024518199265003204
0.017152216285467148
-0.02841164730489254
0.03072667121887207
-0.06650429964065552
-0.02241363376379013
-0.07871078699827194
-0.11448841542005539
1.438668550690636E-5
0.011575115844607353
0.024833884090185165
-0.06061151623725891
0.05850695073604584
0.03241032361984253
0.04272270202636719
0.11533024162054062
-0.10480741411447525
-0.061874255537986755
-0.024518199265003204
0.061874255537986755
-0.03640900179743767
-0.03219986706972122
-0.014521509408950806
-0.02209794893860817
0.0020519522950053215
-0.08923362195491791
-0.018730642274022102
-0.005998014472424984
-0.01841495744884014
0.05682329460978508
0.025780940428376198
-0.06061151623725891
0.016731303185224533
0.0862872302532196
0.016731303185224533
0.015258107334375381
0.07702713459730148
-0.09849371016025543
-0.0027096294797956944
0.06355790793895721
-0.053245533257722855
0.007102911826223135
0.061874255537986755
0.06355790793895721
0.04840502887964249
0.028622103855013847
4.6037393622100353E-4
-0.06355790793895721
-0.09891462326049805
0.012627399526536465
-0.01162772998213768
-0.015994705259799957
0.015047650784254074
0.08081535249948502
0.022518862038850784
-0.05513964220881462
-0.0024991726968437433
-0.011522501707077026
0.01925678364932537
-0.11364658921957016
-0.08965453505516052
0.07492256909608841
-0.0803944393992424
-0.06987161189317703
-0.03409397602081299
0.08965453505516052
-0.05303507670760155
-0.018835870549082756
0.04251224547624588
0.024833884090185165
0.019993381574749947
0.02272931858897209
0.06061151623725891
-0.02041429467499256
-0.005629715509712696
0.047773659229278564
0.14311052858829498
-0.02357114478945732
-0.0017099602846428752
-0.015363335609436035
-0.04987822473049164
0.016415618360042572
-0.04040767624974251
-0.11869755387306213
-0.038934480398893356
0.0024465585593134165
0.03682991489768028
-0.05682329460978508
