-0.02070765011012554
0.02535630576312542
-0.02525065466761589
-0.05620647966861725
-0.030216265469789505
-0.0942409411072731
0.04859958589076996
-0.008821881376206875
0.0629681646823883
0.04648656025528908
-0.05282563716173172
-0.07268808037042618
-0.058742109686136246
0.042260512709617615
0.07353328913450241
-0.05916471406817436
0.11410337686538696
0.12678153812885284
-0.08029497414827347
0.023560235276818275
-0.10184783488512039
0.0680394247174263
0.03401971235871315
-0.014474225230515003
-0.01859462447464466
-0.007765369024127722
0.0967765673995018
0.005678756162524223
0.04965610057115555
0.002984648570418358
0.023771537467837334
-0.018383322283625603
0.00876905582845211
-0.03380841016769409
-0.04944479838013649
0.03740055114030838
0.08832446485757828
-0.0629681646823883
-0.03063886985182762
0.075646311044693
-0.09508614987134933
0.017960717901587486
-6.140980403870344E-4
0.03740055114030838
0.009191661141812801
-0.14284053444862366
-0.04627525806427002
-0.10565127432346344
-0.03824576362967491
0.1098773255944252
-0.09255051612854004
0.09804438799619675
0.04627525806427002
-0.06423597782850266
-0.0040675741620361805
0.12086506187915802
-0.12762674689292908
-0.12171027064323425
0.04395093023777008
-0.038879670202732086
-0.055361270904541016
0.060855135321617126
-0.03085017390549183
-0.01035382505506277
0.012783804908394814
0.0026809012051671743
0.05578387528657913
0.047754377126693726
0.005203325301408768
0.009138835594058037
-0.019545486196875572
-0.050923917442560196
-0.04078139364719391
0.11748421937227249
0.007606891915202141
-0.05831950530409813
0.04268311709165573
-0.05958732217550278
0.0012942281318828464
0.010089697316288948
0.047754377126693726
-0.0862114429473877
-0.026941075921058655
-0.03549882769584656
0.024405445903539658
-0.04268311709165573
-0.0836758092045784
-0.005810820031911135
0.09804438799619675
0.0942409411072731
0.04078139364719391
-0.10818690806627274
0.10311564803123474
0.06465858221054077
-0.03634404018521309
0.03169538453221321
0.026835424825549126
-0.0035657305270433426
0.032540593296289444
-0.02651847153902054
0.03085017390549183
-0.07437849789857864
-0.10396085679531097
0.06043253093957901
0.001875310204923153
0.004014748614281416
-0.015108132734894753
0.00982556864619255
-0.04923349618911743
0.007923846133053303
-5.2619288908317685E-5
0.008293624967336655
-0.022186769172549248
0.10903211683034897
-0.006418315228074789
-0.016270296648144722
-0.027891937643289566
-0.021552860736846924
0.1259363293647766
-0.08832446485757828
0.04690916836261749
-0.06592639535665512
-0.0967765673995018
0.017960717901587486
0.03148408234119415
0.03148408234119415
-0.02303197793662548
0.08198539167642593
0.05705168843269348
0.056629084050655365
0.007554066367447376
0.057474296540021896
0.02408849075436592
0.07353328913450241
0.0760689228773117
0.07733673602342606
0.12086506187915802
0.028314542025327682
-0.03740055114030838
-0.035710133612155914
-0.01669290103018284
-0.04944479838013649
0.07522370666265488
-0.0378231555223465
-0.03993618115782738
-0.025990214198827744
0.03613273799419403
0.07522370666265488
0.054516058415174484
-0.05831950530409813
0.007025809958577156
-0.10058001428842545
0.017326809465885162
-0.07353328913450241
0.022186769172549248
-0.041203998029232025
0.03317449986934662
0.0352875255048275
-0.11156775057315826
-0.09466354548931122
-0.016058994457125664
-0.011832943186163902
-0.032329291105270386
-0.058742109686136246
0.035710133612155914
0.054516058415174484
-0.0549386627972126
-0.1124129593372345
0.0016177851939573884
-0.10142522305250168
0.011674466542899609
-0.03338580206036568
-0.06592639535665512
0.002641282044351101
0.025461958721280098
0.042260512709617615
-0.10776430368423462
0.08452102541923523
-0.08747925609350204
-0.07099765539169312
-0.02102460339665413
-0.0731106847524643
0.05029000714421272
-0.03296319767832756
-0.027258029207587242
-0.011146210134029388
-0.00549386627972126
-0.040147487074136734
0.0274693313986063
0.10903211683034897
-0.10269304364919662
0.014051619917154312
-0.062122952193021774
-0.019122881814837456
0.0032751895487308502
-0.04204920679330826
-0.0393022745847702
-0.08325320482254028
0.02102460339665413
-0.12086506187915802
-0.03423101454973221
0.028314542025327682
-0.015002481639385223
-0.02641281858086586
-0.008187973871827126
-0.007448415271937847
-0.0274693313986063
-0.003882684512063861
0.023877188563346863
-0.0967765673995018
0.016058994457125664
0.022398071363568306
0.03380841016769409
0.0458526536822319
-0.047754377126693726
0.08071757853031158
0.0022318833507597446
-0.027891937643289566
0.034442316740751266
0.05409345403313637
0.057474296540021896
-0.07015244662761688
-0.038879670202732086
0.04268311709165573
-0.060009926557540894
0.023454584181308746
9.863536979537457E-5
-0.05050130933523178
-0.01859462447464466
-0.06930723786354065
-0.08790186047554016
0.0025884562637656927
-0.1098773255944252
-0.026624122634530067
-0.0836758092045784
0.04712047055363655
-0.060009926557540894
-0.0352875255048275
-0.023665886372327805
0.0013932762667536736
0.0025752498768270016
-0.040147487074136734
0.04247181490063667
-0.016270296648144722
0.004595830570906401
0.023454584181308746
0.03486492112278938
0.06508118659257889
-0.05705168843269348
-0.14453095197677612
0.06170034781098366
-0.10818690806627274
0.05367084965109825
-0.0993122011423111
-0.007078635506331921
0.04648656025528908
0.06930723786354065
-0.04712047055363655
0.023665886372327805
0.10015740990638733
0.001122544868849218
-0.07437849789857864
-0.0069729844108223915
0.00887470692396164
-0.015953343361616135
0.08198539167642593
-0.033597107976675034
-0.016270296648144722
0.04057009145617485
0.09255051612854004
0.02852584421634674
0.08832446485757828
-0.021552860736846924
-0.010670779272913933
-7.725749746896327E-4
0.1284719556570053
-0.030004963278770447
0.03972487896680832
-0.012995107099413872
-0.011040558107197285
-0.011568814516067505
0.030004963278770447
-0.05789690092206001
-0.0017696588765829802
-0.03401971235871315
0.023348933085799217
-0.06846202909946442
0.08240799605846405
0.10015740990638733
0.005731581710278988
-0.0011687672231346369
0.005256150849163532
-0.07226547598838806
0.05705168843269348
0.04268311709165573
-0.09128270298242569
0.024511096999049187
0.05578387528657913
0.006418315228074789
0.07944975793361664
