0.01459444873034954
-0.07288159430027008
-0.03952285274863243
-0.00997136253863573
0.03607819974422455
0.036803390830755234
-0.0218463484197855
-0.10225179046392441
0.04151712730526924
-0.03027668222784996
0.09427469968795776
-0.12980900704860687
-0.10007622092962265
-0.0076598189771175385
-0.012237580493092537
0.08883577585220337
0.00811306294053793
0.04822513461112976
-0.00220956327393651
0.05837779492139816
0.004985681269317865
-0.03372133523225784
0.09137393534183502
-0.027375921607017517
0.027013326063752174
-0.05330146476626396
-0.07505716383457184
0.08484722673892975
-0.05293886736035347
-0.02773851715028286
0.06490450352430344
-0.02103050984442234
-0.06599228829145432
0.034627821296453476
2.3087102454155684E-4
0.026469433680176735
0.09427469968795776
0.014050555415451527
0.01178433746099472
-0.03245225176215172
0.047499943524599075
-0.05221367999911308
0.07614494860172272
-0.02465645968914032
-8.781597134657204E-4
-0.04822513461112976
-0.018129749223589897
0.0018696304177865386
-0.007115926593542099
0.024475160986185074
-0.03916025906801224
-0.0018243060912936926
0.06889304518699646
0.02665073238313198
-0.005529573652893305
-0.018673641607165337
-0.1182059645652771
-0.014231853187084198
-0.01205628365278244
-0.008883576840162277
0.09499988704919815
0.05293886736035347
0.0409732349216938
0.005325614009052515
0.03988545015454292
0.022843483835458755
0.013778609223663807
-0.012690824456512928
0.06417931616306305
0.015500935725867748
0.1080533042550087
0.03335873782634735
-0.02610683999955654
0.09572507441043854
-0.15736623108386993
0.13706091046333313
-0.019489480182528496
-0.012781473807990551
-0.02918889746069908
0.024837756529450417
0.05040070414543152
0.05547703430056572
-0.03335873782634735
-0.023206079378724098
-0.02773851715028286
0.024837756529450417
-0.029914086684584618
0.01513834111392498
-0.00589216873049736
0.002402191748842597
0.01232822984457016
-0.037165988236665726
-0.03499041497707367
-0.006526709999889135
-0.003920558374375105
-0.02239024080336094
0.09354950487613678
-0.03172706067562103
0.10587773472070694
0.0068893046118319035
-0.12545786798000336
-0.12473267316818237
0.09935102611780167
-0.023931268602609634
0.032633550465106964
-0.026288136839866638
0.05692741274833679
0.058740388602018356
0.11167925596237183
0.050038110464811325
0.046412158757448196
-0.013416014611721039
0.1029769778251648
-0.00248150946572423
-0.045505672693252563
-0.1283586323261261
-0.0012010958744212985
-0.05040070414543152
-0.005416262894868851
0.07505716383457184
0.05910298228263855
0.043873995542526245
-0.01065122801810503
-0.028101110830903053
-0.024837756529450417
-0.10152659565210342
0.06019076704978943
-0.029914086684584618
0.0218463484197855
0.058740388602018356
-0.04260491207242012
-0.0282824095338583
-0.009880713187158108
-0.015228989534080029
-0.006979953497648239
0.0018582993652671576
0.057290010154247284
-0.06599228829145432
0.06780526041984558
-0.011874985881149769
0.019217533990740776
0.034083928912878036
0.02719462476670742
-0.01205628365278244
-0.0027647868264466524
0.05765260383486748
-0.09717545658349991
0.05185108259320259
-0.008067738264799118
0.05040070414543152
0.16099217534065247
0.07070602476596832
0.08158387243747711
0.06780526041984558
-0.028101110830903053
-0.062366336584091187
0.02021467126905918
-0.08557241410017014
-0.007523845881223679
0.012781473807990551
-0.05293886736035347
0.05620222166180611
0.12400748580694199
0.10442735999822617
-0.0037619229406118393
-0.02465645968914032
0.08666020631790161
0.00462308619171381
0.0040791938081383705
0.050038110464811325
0.05330146476626396
-0.01205628365278244
0.01459444873034954
-0.06635488569736481
0.024837756529450417
0.04405529052019119
0.10587773472070694
0.057290010154247284
0.04967551305890083
0.035171713680028915
-0.06417931616306305
0.003943220712244511
0.04423658922314644
-3.824243904091418E-4
0.08049608767032623
-0.0019149547442793846
0.0565648190677166
0.11965634673833847
-0.04586826637387276
-0.03752858191728592
-0.04822513461112976
0.10442735999822617
0.04713734984397888
0.03698468953371048
0.05185108259320259
0.12183191627264023
-0.01686066761612892
0.022299591451883316
-0.008203711360692978
0.07469456642866135
-0.10370216518640518
-0.037165988236665726
0.00756917055696249
0.01386925857514143
0.13561052083969116
-0.008203711360692978
-0.0028441045433282852
0.08085868507623672
0.004169842228293419
-0.14141204953193665
0.00883825309574604
0.02266218699514866
-0.03480911999940872
0.010469930246472359
0.015772882848978043
0.036622095853090286
-0.03698468953371048
0.12110672891139984
-0.07505716383457184
-0.028101110830903053
-0.008792928420007229
6.76324634696357E-5
0.0768701359629631
-0.03390263020992279
0.05910298228263855
-0.1385112851858139
0.033177442848682404
-0.008747603744268417
-0.038253773003816605
-0.07650754600763321
-0.023115430027246475
0.027375921607017517
-0.058740388602018356
-0.018945587798953056
-0.00784111674875021
-0.006254763808101416
-0.05910298228263855
-0.0282824095338583
-0.12038153409957886
-0.020395968109369278
-0.08085868507623672
-0.03897896036505699
-0.035171713680028915
-0.023749971762299538
0.008022414520382881
0.11530520766973495
0.06889304518699646
-0.046412158757448196
0.04895032197237015
-0.13125938177108765
0.05511443689465523
0.05692741274833679
0.05185108259320259
-0.029370194301009178
0.013959906995296478
-0.03499041497707367
-0.09935102611780167
-0.041335828602313995
-0.05547703430056572
0.0218463484197855
0.038253773003816605
-0.040791936218738556
0.036259498447179794
-0.009291497059166431
0.06309153139591217
0.11095406860113144
-0.05946557968854904
-0.02882630191743374
0.0073425485752522945
0.016588721424341202
0.0016316774999722838
0.004600423853844404
-0.03644079715013504
0.005144316237419844
0.048587728291749954
-0.01985207572579384
0.005257627461105585
0.05221367999911308
-0.0282824095338583
-0.060915958136320114
0.09717545658349991
-0.10515254735946655
-0.01078720111399889
-0.020124021917581558
0.023024782538414
0.08122127503156662
-0.042423613369464874
-0.011965634301304817
-0.0029234220273792744
0.15083952248096466
-0.08085868507623672
0.016588721424341202
-0.08992356061935425
-0.1392364799976349
-0.004668410401791334
-0.010560578666627407
-0.03190835937857628
-0.028101110830903053
0.017313910648226738
-0.031183168292045593
