woman
0.09156569838523865
-0.02905096486210823
-0.03879591077566147
-0.04045071080327034
0.04449578374624252
-0.04045071080327034
-0.04302484542131424
0.009653010405600071
0.04210551455616951
0.01829475350677967
-0.03658950701355934
-0.1294422745704651
-0.023718826472759247
-0.04706991836428642
-0.010204611346125603
0.03548630699515343
-0.07060487568378448
-0.020133422687649727
0.02353495918214321
-0.011491679586470127
-0.010940078645944595
-0.018110886216163635
-0.020776955410838127
-0.1537127047777176
0.003815237432718277
-0.08752062916755676
-0.06435340642929077
0.09928810596466064
0.13164867460727692
-0.07979822158813477
0.054056860506534576
-0.002344302600249648
-0.08494649082422256
-0.0397152453660965
-0.04376031458377838
0.04633444920182228
0.11546839028596878
-0.018386686220765114
-0.036037907004356384
0.07501768320798874
-0.059205133467912674
-0.010572344996035099
0.059572864323854446
-0.009147376753389835
0.04890858754515648
-0.03383150324225426
-0.02868323214352131
0.013330347836017609
-0.011537645943462849
0.05736646428704262
0.019765688106417656
6.061861058697104E-4
0.020960822701454163
0.014893216080963612
-0.02905096486210823
-0.026844562962651253
-0.034750837832689285
-0.026476828381419182
0.07648861408233643
0.005768822971731424
0.11252652108669281
0.06619207561016083
-0.017099618911743164
0.0358540378510952
0.015536750666797161
0.029234832152724266
0.03567017242312431
0.06325020641088486
0.07575315237045288
-0.027212295681238174
0.0691339448094368
0.08126915246248245
-0.08972702920436859
0.03953137621283531
-0.006251473445445299
0.09046249836683273
0.006297440268099308
-0.017191551625728607
0.06361793726682663
0.06986940652132034
0.09303663671016693
-0.0384281761944294
0.0319928340613842
-0.03916364163160324
-0.17871859669685364
0.09928810596466064
-0.059205133467912674
0.031073501333594322
0.08274009078741074
-0.011445712298154831
-0.09634623676538467
-0.0742822140455246
-0.03493470326066017
-0.0048265052028000355
0.047805387526750565
0.013330347836017609
0.02215595729649067
0.012319080531597137
0.06508886814117432
-0.007860308513045311
-0.062147002667188644
-0.10590731352567673
0.0319928340613842
-0.0639856681227684
0.08715289831161499
-0.053321391344070435
0.029786432161927223
-0.07244354486465454
0.02868323214352131
-0.08421102911233902
-0.004022087901830673
0.021328557282686234
0.0588373988866806
0.027028430253267288
-0.0588373988866806
-0.05442459136247635
-0.03125736862421036
-0.04559898376464844
0.02123662270605564
0.0985526442527771
0.02997029945254326
-0.0048494888469576836
-0.07538541406393051
-0.016548018902540207
-0.03824430704116821
0.04890858754515648
0.03548630699515343
0.007170808035880327
0.053689125925302505
0.05994059890508652
-0.028131630271673203
-0.12208759784698486
-0.07795955240726471
0.018110886216163635
-0.015812551602721214
0.034750837832689285
-0.016548018902540207
-0.08310782164335251
-0.02353495918214321
0.03162510320544243
0.08641742914915085
-0.04210551455616951
0.03401537239551544
0.07869502156972885
-0.08604969084262848
0.10811372101306915
-0.05221819132566452
0.06986940652132034
-0.079430490732193
-0.07722408324480057
0.11326199024915695
-0.06876620650291443
0.04633444920182228
-0.06067606806755066
0.03530243784189224
0.047437652945518494
-0.030521899461746216
3.447503695497289E-5
0.05773419514298439
-0.030521899461746216
-0.07281128317117691
0.002666069660335779
0.14488708972930908
0.03989911079406738
-0.04118617996573448
-0.04284097999334335
0.034383103251457214
-0.07244354486465454
0.023075291886925697
0.002286844188347459
-0.017099618911743164
0.02353495918214321
-0.04927632212638855
-0.0691339448094368
-0.0665598064661026
-0.07060487568378448
0.09193343669176102
0.07134034484624863
-0.07281128317117691
-0.0086417431011796
0.009561076760292053
0.001482426654547453
-0.05221819132566452
-0.10590731352567673
-0.06803074479103088
0.03272830322384834
0.011951346881687641
0.09634623676538467
-0.08678516000509262
-0.019765688106417656
-8.216550922952592E-4
0.06030833348631859
0.059205133467912674
0.10517185181379318
0.05185045674443245
0.039347510784864426
-0.04467964917421341
-0.02188015729188919
-0.027580030262470245
0.003953137900680304
-0.06692753732204437
-0.04045071080327034
-0.0665598064661026
-0.04633444920182228
-0.0639856681227684
-0.050747256726026535
0.02408655919134617
0.046150583773851395
0.07354674488306046
-0.18607327342033386
-0.01470934972167015
-0.012043279595673084
-0.005975673440843821
-0.015444817021489143
-0.054056860506534576
-0.03236056864261627
-0.02997029945254326
0.09266889840364456
-0.06692753732204437
0.07722408324480057
0.020041488111019135
-0.00946914404630661
0.08090142160654068
0.00799820851534605
0.03677337244153023
-0.08163689076900482
0.10737825185060501
-0.044863514602184296
-0.06288246810436249
-0.0013560181250795722
0.017375418916344643
-0.0614115335047245
-0.09561077505350113
0.07134034484624863
-0.028315497562289238
-0.020317288115620613
-0.06692753732204437
-0.01627221703529358
-0.0027809864841401577
0.059205133467912674
0.09561077505350113
-0.05736646428704262
-0.01985762268304825
-0.04706991836428642
0.05810192972421646
0.04210551455616951
-0.005814789794385433
0.003378553781658411
-0.02123662270605564
-0.009744944050908089
0.07281128317117691
0.019673755392432213
-0.005883739795535803
-0.021420489996671677
0.04412804916501045
0.022615624591708183
-0.009974777698516846
-0.05258592590689659
-0.02739616297185421
-0.018846353515982628
0.011215878650546074
-0.03622177243232727
-0.06030833348631859
-0.053321391344070435
0.0820046216249466
0.09634623676538467
-0.0172834862023592
0.04412804916501045
-0.09266889840364456
-0.02739616297185421
-0.03272830322384834
0.059205133467912674
-0.07097261399030685
0.016548018902540207
-0.0020914855413138866
0.02610909566283226
0.053689125925302505
-0.04541511833667755
-0.03916364163160324
-0.012870680540800095
0.06876620650291443
-0.04890858754515648
0.006159540265798569
0.12061666697263718
-0.042289379984140396
-0.00425192154943943
-0.05221819132566452
-0.08310782164335251
2.8585552354343235E-4
0.1485644280910492
0.038979776203632355
-0.025005893781781197
-0.10075904428958893
-0.09303663671016693
-0.02739616297185421
0.040634576231241226
0.04467964917421341
-0.03125736862421036
0.024638161063194275
-0.011077978648245335
